5 8 38 93 66 1 43 35 40 70 60 15 26 10 85 54 14 91 47 68 7 32 9 16 34 24 12 73 19 46 25 30 98 48 3 78 95 52 18 63 29 67 65 81 79 17 83 71 31 44 96 87 59 76 80 94 90 69 62 89 97 27 22 64 92 74 75 99 49 41 84 2 39 20 77 37 82 23 4 56 50 58 11 53 51 61 33 55 28 17 57 88 13 6 45 72 86 36 21 42 
60 94 41 90 33 68 82 34 12 88 99 26 55 4 31 36 27 61 79 77 37 64 98 53 9 59 14 67 8 30 10 16 47 25 66 32 18 73 86 93 62 28 75 84 2 26 78 69 42 72 65 3 1 23 46 57 83 54 97 85 71 39 63 56 11 45 35 70 89 6 87 43 51 15 74 24 5 44 52 48 20 92 13 40 49 95 50 76 19 29 58 22 91 38 96 80 7 81 21 49 
37 7 86 2 47 4 31 74 99 62 69 88 87 45 38 63 14 55 53 21 10 16 72 95 36 94 11 81 12 75 96 51 73 90 1 50 70 98 13 44 8 59 58 84 25 73 1 30 24 67 22 20 9 92 93 15 57 64 76 28 85 29 18 48 89 5 35 66 42 46 83 82 77 43 27 54 23 60 71 34 97 65 79 32 65 91 17 56 68 40 80 61 3 6 52 19 78 41 33 39 
76 17 47 22 52 94 57 71 26 87 5 37 69 13 11 64 90 74 99 66 46 80 42 85 4 10 75 92 93 36 49 63 96 59 34 62 38 81 9 51 8 29 20 60 72 12 50 24 15 78 88 21 83 32 23 45 53 16 98 14 89 84 39 40 35 41 58 2 48 7 12 91 3 43 77 82 79 86 50 68 9 55 33 27 85 61 6 28 31 67 30 25 44 70 19 56 18 97 54 95 
94 30 7 33 17 37 92 61 53 95 25 32 74 28 49 68 19 77 11 83 86 38 40 80 35 63 39 96 3 87 46 15 84 26 81 70 89 66 27 84 62 99 23 76 5 49 66 36 6 90 43 97 72 88 98 91 93 57 4 1 69 34 24 16 52 75 8 18 42 51 65 22 79 64 14 59 54 48 10 60 17 21 2 45 55 73 20 56 31 47 44 55 67 71 41 82 29 58 13 78 
70 8 91 46 69 5 3 48 67 30 99 12 88 44 52 75 45 19 50 60 58 76 97 61 78 51 53 24 16 96 15 33 43 98 90 93 81 77 25 28 59 36 28 57 94 32 83 9 14 42 23 32 27 31 54 13 65 7 47 1 82 72 92 20 80 29 95 35 79 22 26 38 88 86 68 2 71 11 73 87 99 10 21 56 60 34 74 83 64 63 89 85 4 37 41 6 18 39 40 62 
86 9 36 1 91 52 59 51 70 41 54 85 9 15 21 33 46 47 64 17 27 98 43 90 18 79 38 68 61 58 37 75 80 76 93 16 48 66 73 67 84 72 77 6 69 81 19 49 57 50 35 20 97 63 8 2 3 53 23 7 78 56 71 42 24 87 92 40 39 34 94 26 13 25 67 80 14 96 44 31 44 62 22 4 94 95 10 65 81 74 45 12 19 55 82 11 29 89 5 30 
48 27 71 86 43 99 6 92 17 1 83 79 80 72 40 57 7 30 41 2 28 23 93 96 53 20 64 51 70 39 34 22 54 29 98 8 49 24 58 91 82 95 10 37 66 71 76 84 21 59 63 42 11 54 77 87 35 61 68 78 36 52 45 32 12 65 15 47 76 88 13 4 38 85 46 14 75 91 69 73 57 5 18 90 9 55 26 56 60 3 31 74 62 33 16 89 50 25 30 97 
93 78 81 31 3 89 17 85 83 33 38 20 11 60 26 77 75 50 69 64 88 24 32 51 45 11 56 20 99 82 73 8 80 92 52 97 27 14 86 97 35 94 12 21 34 73 95 49 72 15 39 36 4 22 13 10 37 62 96 48 74 61 5 42 28 79 16 41 63 1 50 19 98 90 67 66 44 7 70 40 76 46 2 6 74 29 59 55 87 18 47 53 43 25 95 84 68 58 23 65 
35 12 24 43 85 14 93 60 47 87 33 45 58 22 41 71 46 3 70 64 6 28 67 89 15 26 34 55 32 94 18 83 14 55 57 37 84 68 9 11 27 3 29 92 21 49 44 66 16 8 53 36 40 78 48 79 81 49 54 69 96 52 54 1 4 39 58 59 25 23 30 63 65 99 56 42 90 72 13 2 98 77 82 10 68 88 61 19 98 44 7 62 86 75 5 51 17 31 38 91 
5 56 39 83 30 92 78 35 42 91 70 96 54 6 40 51 88 93 72 37 36 89 13 85 29 47 8 41 67 74 93 12 16 66 86 34 80 28 92 89 73 41 7 61 97 21 24 2 26 77 32 94 84 20 95 24 16 48 27 10 17 19 49 76 82 99 81 21 53 87 90 63 60 45 15 57 1 59 62 31 29 71 22 46 14 33 43 18 79 69 65 23 38 52 4 75 25 9 50 64 
84 97 17 9 78 40 62 65 59 7 73 12 83 39 74 44 76 99 98 8 90 28 6 57 71 47 53 56 85 46 64 1 98 66 4 20 3 30 12 61 99 77 60 35 86 6 80 25 96 87 48 45 88 75 38 11 61 81 56 5 36 50 22 27 37 19 23 42 72 15 58 33 68 26 80 22 18 51 83 70 3 95 31 13 19 32 82 92 63 10 43 55 79 69 52 2 91 67 94 34 
77 72 66 88 40 1 15 78 84 60 86 50 18 37 87 52 54 55 8 45 95 43 62 27 5 75 11 49 16 32 26 53 7 59 9 73 69 33 26 59 90 57 28 79 96 58 27 46 2 7 65 38 91 42 74 76 35 93 81 70 49 63 70 89 68 64 39 97 34 18 71 25 82 20 85 13 94 48 24 45 64 58 41 30 35 29 67 21 17 36 55 51 14 21 47 44 4 10 23 31 
50 23 28 33 75 36 15 76 6 63 41 90 49 67 62 79 81 11 34 16 56 31 82 48 47 51 13 21 95 86 42 14 69 80 92 66 54 29 33 94 96 71 17 20 78 43 38 52 32 44 37 2 40 1 39 89 83 43 9 73 84 77 61 10 25 30 98 69 12 85 4 61 24 94 87 57 16 68 88 11 48 72 65 60 22 22 53 96 3 91 93 74 8 46 62 38 19 97 5 99 
67 27 59 78 18 1 53 4 12 79 47 20 86 35 48 60 40 82 65 66 6 44 8 46 87 75 41 20 98 45 80 86 5 15 26 71 36 13 42 54 52 9 82 90 57 24 12 74 81 73 50 99 83 92 56 68 66 5 77 51 89 32 85 23 28 70 39 63 10 2 25 85 80 64 93 42 19 17 95 72 36 3 7 30 97 88 97 52 58 14 76 54 37 34 31 84 24 29 55 91 
90 83 77 69 34 96 35 62 70 13 30 8 32 76 13 29 45 35 91 6 99 27 78 88 93 98 7 73 65 68 9 81 57 28 1 22 51 50 55 77 32 71 53 55 43 41 80 11 92 60 15 10 33 37 47 9 6 23 58 75 87 79 18 59 84 38 26 4 56 3 46 40 44 94 25 63 2 17 95 72 86 41 21 64 71 73 31 48 18 19 67 39 61 49 76 57 74 16 89 14 
17 23 93 46 22 2 72 40 1 14 10 65 27 18 68 42 56 33 58 96 21 90 95 16 20 87 8 76 88 7 5 63 98 37 38 81 60 68 58 71 3 75 24 78 59 1 40 34 39 67 62 85 33 91 99 64 94 29 79 47 50 11 34 84 83 54 5 97 26 44 27 12 92 61 4 96 53 52 19 25 20 30 74 89 81 98 70 51 69 66 95 31 43 15 28 49 82 51 45 36 
7 22 89 41 9 15 86 63 57 11 82 78 49 32 55 92 97 12 64 99 65 88 51 90 14 79 13 61 2 47 92 72 34 42 91 31 45 46 54 4 93 62 43 60 38 20 56 26 3 37 25 35 94 84 85 21 12 69 16 10 8 13 2 87 74 54 52 36 24 6 28 83 49 59 50 53 80 99 55 29 44 19 32 75 73 61 56 75 70 17 39 67 48 4 73 66 23 44 30 77 
50 22 77 39 62 36 48 33 47 18 41 91 63 26 49 27 52 86 76 90 96 84 2 14 45 70 38 75 40 3 51 10 87 95 74 59 97 28 65 10 65 94 66 17 8 58 55 71 31 5 68 21 57 45 89 87 24 69 26 88 82 74 80 19 67 98 78 43 81 29 23 63 79 25 85 11 58 37 46 90 23 72 42 60 12 80 83 88 64 7 53 30 93 86 6 9 15 35 1 16 
71 4 64 31 21 70 38 79 56 59 35 91 75 48 51 22 7 66 92 34 97 44 23 14 58 85 48 41 50 5 91 17 93 93 67 76 28 78 17 85 15 94 3 82 27 1 83 30 57 20 96 11 42 46 47 18 62 40 34 77 68 90 64 73 24 43 32 81 1 19 61 84 92 41 33 36 13 72 29 52 96 54 60 9 35 37 83 49 16 99 25 66 39 98 95 69 89 8 6 53 
42 81 14 50 37 87 3 45 24 82 78 5 58 67 59 79 36 64 13 6 33 28 36 30 24 69 39 74 40 63 91 89 17 25 74 55 86 70 3 29 97 20 11 57 61 76 30 38 62 13 56 60 16 42 72 6 26 7 27 94 88 38 34 21 31 4 9 52 18 76 29 71 65 19 99 80 22 77 84 68 23 73 98 10 10 67 54 79 44 59 53 46 47 43 15 2 95 8 32 12 
89 39 32 5 2 45 4 15 49 72 51 22 12 13 6 50 20 1 83 65 54 11 99 28 39 83 95 89 37 57 17 99 94 44 82 66 19 40 49 25 7 31 77 33 69 81 93 9 55 88 97 63 81 56 65 8 71 35 52 46 18 60 35 78 56 53 55 21 1 68 41 61 98 93 26 16 87 90 92 70 7 75 85 47 79 73 84 48 48 80 94 14 12 43 96 27 86 62 60 25 
43 78 27 82 92 98 53 86 50 77 72 23 32 97 67 75 66 26 5 22 71 80 15 46 65 20 10 14 67 31 53 73 6 5 22 91 11 8 12 8 58 2 16 63 57 99 73 62 61 85 34 37 44 91 70 68 18 45 88 30 41 58 10 38 36 15 3 96 19 74 14 32 51 33 90 21 28 76 24 61 94 29 42 84 34 69 87 44 52 97 26 4 47 9 64 59 54 95 64 40 
95 74 56 90 98 36 77 75 27 30 35 43 35 95 87 50 79 83 61 42 24 70 93 19 7 85 48 48 63 39 86 11 14 60 37 18 82 16 57 22 4 38 2 68 71 18 34 29 40 55 40 1 45 49 49 47 21 42 83 13 81 70 88 57 9 72 84 28 92 20 66 23 7 19 96 17 59 80 89 31 74 52 25 88 37 86 69 17 76 3 62 41 46 93 33 51 78 54 77 87 
15 41 38 51 11 81 9 53 44 27 39 96 63 32 73 25 94 40 15 70 90 75 19 68 62 28 71 31 63 12 78 10 9 20 6 64 65 98 18 93 30 58 43 26 44 49 2 89 85 84 45 36 85 3 24 33 5 80 59 79 76 5 72 23 72 52 13 21 82 99 8 92 54 91 47 62 50 60 3 4 6 55 2 78 35 73 29 88 1 32 31 66 91 46 69 97 67 16 76 56 
56 23 20 60 25 53 37 81 8 77 67 13 1 20 13 22 75 16 42 14 27 38 48 14 38 95 79 61 82 11 24 66 47 94 92 89 68 16 92 96 97 50 41 84 33 58 94 83 83 43 57 12 36 19 24 51 86 87 29 98 80 25 62 26 71 28 69 48 42 45 59 47 90 44 1 52 34 55 21 4 74 96 33 74 30 30 64 5 53 61 10 39 54 99 65 7 46 17 78 58 
70 41 50 31 11 59 60 80 10 98 84 59 23 93 86 88 72 33 17 41 82 56 29 97 60 81 86 9 65 36 44 95 56 79 67 76 85 77 79 91 51 93 12 75 84 34 39 91 83 8 17 22 6 55 28 69 66 85 43 2 87 42 61 73 49 89 15 39 54 55 40 99 64 80 32 9 57 21 23 52 47 4 3 29 27 90 18 99 63 45 37 46 34 71 26 68 35 27 53 7 
8 88 98 28 97 4 36 24 14 65 49 40 51 35 54 96 2 34 20 58 18 62 18 68 41 69 21 56 26 75 16 81 27 63 66 37 75 43 94 48 90 94 71 74 99 25 29 54 81 76 92 48 5 55 6 57 13 16 35 11 78 19 37 58 19 31 95 72 73 52 10 1 15 64 25 4 64 77 7 46 23 22 50 12 17 89 92 57 38 70 67 32 51 20 45 87 30 3 14 82 
21 77 67 85 74 24 62 49 78 31 11 45 71 9 65 76 90 79 63 64 42 63 39 28 58 93 38 95 69 24 31 91 83 36 74 44 3 68 47 85 13 6 9 46 94 57 34 89 98 84 73 80 66 52 7 30 72 53 33 61 22 77 66 47 87 82 95 79 65 97 96 52 83 27 10 71 12 3 1 26 53 8 5 39 68 32 96 97 88 40 70 86 2 59 60 50 15 43 45 98 
73 12 87 36 33 34 7 75 41 46 76 56 4 47 13 15 44 29 53 9 14 86 93 35 69 51 54 37 82 4 32 17 73 72 26 84 50 13 75 85 2 62 65 69 25 70 59 8 1 40 25 48 81 30 26 10 38 55 30 92 59 55 10 22 21 78 90 42 37 1 28 20 93 19 99 16 6 29 60 67 54 5 19 89 6 18 84 36 91 11 88 49 80 50 23 61 32 43 8 70 
83 15 96 33 62 38 72 46 2 39 58 79 76 40 96 61 11 37 10 45 17 12 74 20 27 3 66 18 7 67 65 51 46 35 23 23 63 68 75 13 71 24 15 81 86 53 29 80 99 78 22 16 95 79 31 45 14 92 28 52 49 26 81 41 5 43 48 40 98 63 74 57 27 28 87 88 97 11 99 60 95 91 38 77 52 90 98 57 21 18 89 44 76 64 94 42 86 82 94 56 
14 12 34 55 58 37 66 8 3 93 97 5 90 27 1 54 85 19 54 96 62 67 16 56 78 6 36 64 49 9 86 59 93 73 62 60 48 2 33 55 71 39 4 1 56 97 21 44 29 35 25 20 78 81 87 61 21 69 84 83 77 73 40 80 19 47 31 51 70 90 68 92 17 12 22 7 4 41 82 89 98 91 30 64 5 48 30 70 43 42 72 50 88 24 33 85 49 32 14 16 
68 11 10 18 74 11 61 59 51 63 50 77 97 14 12 34 60 96 68 98 58 75 51 41 45 9 42 52 39 35 89 69 49 8 32 67 48 26 31 90 46 23 35 80 1 84 30 22 54 25 76 17 20 9 95 84 65 45 43 89 15 50 24 57 83 92 94 24 39 53 6 79 87 16 91 60 66 72 31 44 94 47 2 7 29 47 76 58 52 38 36 88 32 82 3 99 71 13 86 28 
18 78 87 15 27 19 69 92 99 85 91 40 1 55 94 75 15 89 22 58 62 17 8 53 3 43 36 80 76 10 39 67 12 73 67 19 5 23 9 17 63 3 23 26 11 66 26 22 78 34 81 70 7 72 21 79 28 41 64 25 80 27 41 33 71 6 56 55 82 20 4 57 42 60 83 66 46 61 88 77 86 71 44 59 48 5 44 28 38 93 8 2 13 56 65 74 37 72 93 95 
47 64 10 45 98 52 92 57 52 20 95 18 59 32 21 2 92 43 12 18 79 43 84 97 96 90 85 68 89 54 35 68 24 21 77 24 3 91 90 23 35 53 86 13 57 81 15 33 39 50 77 34 69 22 65 99 82 6 2 75 59 10 28 83 46 63 79 29 81 25 40 87 49 97 42 14 37 31 74 84 37 69 16 51 73 73 6 70 30 70 62 88 4 96 38 36 7 61 85 32 
17 45 63 71 27 37 19 65 58 74 42 41 21 98 53 24 48 20 83 77 82 72 30 11 22 55 64 39 51 80 14 46 95 91 91 53 52 62 76 28 76 8 23 25 26 90 55 20 85 40 83 88 9 68 16 95 66 30 14 56 4 60 73 87 93 29 71 47 67 26 38 34 94 99 48 33 36 99 40 31 41 64 61 44 72 54 87 19 13 49 98 60 5 50 51 1 7 78 8 75 
94 16 35 7 93 19 10 33 4 63 38 54 45 64 94 56 86 18 52 11 62 88 17 70 28 82 75 37 60 56 34 74 78 2 61 50 49 6 65 5 97 11 69 49 27 71 48 15 35 57 43 66 46 92 44 45 86 58 84 79 61 63 26 78 69 13 13 65 89 36 1 5 42 33 3 31 29 34 92 57 82 54 32 67 84 75 67 81 18 9 59 27 17 25 12 81 80 47 4 96 
55 32 42 53 14 59 89 12 15 9 47 40 18 82 27 13 62 10 72 77 31 3 24 28 69 10 53 92 60 24 40 41 44 1 74 83 57 80 15 81 62 46 11 22 94 38 29 95 8 6 74 36 90 88 39 88 23 68 50 25 66 39 9 97 96 43 91 59 16 99 77 29 21 55 51 87 30 20 58 6 47 93 79 8 79 70 66 78 91 85 76 72 7 93 73 44 2 98 68 38 
87 5 51 20 2 92 89 96 67 21 33 22 31 32 24 11 95 55 35 70 58 65 22 21 9 80 13 62 41 95 6 73 74 17 80 63 59 98 82 27 64 54 4 83 67 50 3 16 58 26 70 52 12 40 35 46 3 84 56 36 49 48 81 97 86 48 61 19 43 7 26 4 90 34 34 45 61 50 71 30 76 60 85 99 57 14 28 69 42 31 25 75 37 45 32 41 76 1 18 23 
73 68 42 36 77 95 90 38 14 66 87 10 77 46 57 98 93 53 38 9 5 33 48 36 6 1 49 3 85 39 99 16 12 85 66 98 82 12 24 68 78 65 70 2 19 2 4 47 22 64 15 83 94 26 20 30 84 89 23 37 71 32 88 91 43 49 92 64 7 29 46 75 79 15 56 8 53 93 86 72 16 96 71 52 58 19 44 74 51 17 96 88 44 62 99 63 54 97 63 25 
84 25 31 94 11 93 51 90 34 1 29 97 35 83 74 4 41 44 77 26 91 59 45 54 31 8 3 91 80 52 32 83 78 18 71 67 94 23 99 95 50 41 43 28 89 92 18 69 12 81 33 61 55 16 80 45 56 37 47 73 79 56 25 10 30 81 2 54 60 5 35 20 65 75 42 40 1 72 87 75 52 88 78 7 47 14 46 85 17 13 86 21 39 21 89 27 76 43 36 79 
13 84 67 15 66 40 22 11 82 38 30 14 18 78 66 1 19 9 42 26 20 61 52 47 58 8 62 4 61 55 85 96 64 34 20 19 36 63 53 90 5 27 84 37 83 39 24 50 38 17 33 40 64 57 9 39 57 87 97 28 94 87 77 62 24 10 14 73 42 69 72 70 6 56 76 86 32 65 98 59 59 33 49 90 51 28 71 48 48 7 23 51 53 74 60 29 68 58 73 17 
75 37 23 16 81 33 31 55 72 22 46 79 39 22 6 58 61 5 78 74 30 34 66 82 2 27 28 62 96 29 75 98 19 65 73 10 21 97 85 42 11 25 64 90 54 23 45 45 69 99 96 93 70 14 3 60 15 88 2 27 35 94 12 99 82 49 16 12 44 68 54 95 41 30 63 6 86 35 67 21 77 11 7 92 43 89 34 71 76 91 13 80 8 84 86 69 5 43 55 50 
13 57 60 68 76 24 87 63 70 93 37 32 23 86 34 31 41 43 54 22 15 72 57 85 14 80 53 84 50 98 92 65 94 18 26 3 83 92 2 77 95 25 39 52 97 99 90 17 44 68 9 50 91 40 49 40 83 52 89 32 13 60 56 41 97 10 59 26 36 4 20 29 24 98 47 44 58 65 48 8 36 12 81 31 17 7 67 71 56 46 38 67 53 15 51 79 88 1 48 59 
55 64 70 76 88 19 79 87 9 47 89 62 1 28 59 89 29 50 78 65 75 20 99 76 80 42 22 88 31 25 10 49 74 51 25 73 41 19 52 39 5 11 40 81 32 21 38 37 36 55 4 46 16 49 33 74 35 78 72 86 46 72 4 28 7 10 87 30 91 45 82 38 93 14 69 95 96 30 96 63 94 93 81 1 18 61 24 48 80 67 6 21 66 20 27 29 8 18 83 3 
8 44 84 47 45 67 2 97 75 90 82 68 11 37 58 8 34 2 54 1 53 60 86 81 64 26 28 60 45 77 61 11 23 98 97 63 15 57 82 50 35 15 94 21 19 75 53 9 42 49 3 34 51 62 54 27 7 66 70 14 85 95 5 5 58 43 32 64 13 42 37 92 6 74 71 61 27 80 91 95 20 16 56 33 79 16 35 13 84 78 23 69 17 38 85 73 12 79 44 62 
90 40 87 96 51 22 66 18 68 24 33 36 38 5 77 70 57 97 10 9 55 43 47 23 49 98 32 88 74 76 45 22 51 47 53 31 63 26 54 84 71 29 3 64 18 79 89 7 8 15 4 52 17 87 41 33 10 59 48 69 72 21 1 57 93 72 78 77 9 25 3 30 83 82 63 89 80 25 69 73 40 20 56 12 90 39 55 2 46 59 88 65 91 68 99 46 92 6 94 70 
13 93 44 48 66 22 62 81 85 67 10 99 49 33 48 24 95 75 2 74 60 96 9 42 41 95 21 98 89 12 71 81 50 35 56 6 99 11 35 78 50 29 55 87 76 79 45 86 29 20 83 91 34 16 16 76 37 17 41 30 5 25 96 52 42 58 92 65 73 36 61 39 28 68 19 4 6 37 56 71 27 80 27 24 67 14 28 61 13 38 75 98 92 59 43 30 31 26 85 7 
69 31 40 43 88 97 47 23 72 58 85 12 2 49 24 22 90 4 75 88 19 63 77 45 39 39 82 71 99 11 12 7 13 4 15 1 78 90 70 80 70 94 41 47 31 53 17 17 42 44 51 86 84 8 77 54 32 91 8 30 33 38 92 23 62 3 5 57 46 36 93 14 65 40 44 34 96 64 83 18 34 37 97 26 98 52 61 6 51 89 60 66 73 7 82 11 15 53 26 64 
74 57 69 10 56 21 6 1 67 72 93 62 88 18 34 64 43 19 49 73 93 16 47 95 68 59 26 52 83 84 61 58 92 91 75 27 97 87 79 46 86 83 72 42 40 33 35 66 63 90 21 29 55 7 36 43 32 63 52 32 12 57 13 20 1 79 69 9 68 46 19 65 48 44 76 50 22 70 28 14 16 27 25 3 23 35 56 58 91 25 95 60 94 98 54 84 73 81 81 18 
80 23 66 82 31 74 26 54 29 78 93 11 83 70 10 47 17 84 51 31 3 53 80 34 68 51 15 4 88 62 53 48 38 89 45 24 79 85 75 97 54 37 96 41 87 16 9 62 39 13 20 30 5 99 39 76 36 45 55 48 49 11 58 60 59 15 60 4 50 94 41 38 67 2 10 86 7 98 77 9 94 76 17 65 3 99 66 20 35 63 71 87 14 59 74 28 8 2 8 96 
77 75 71 89 6 99 22 42 29 72 15 81 98 35 73 63 64 4 85 7 36 78 6 58 24 43 61 94 56 39 18 25 89 91 79 12 5 32 81 40 18 27 17 80 46 65 52 92 13 36 37 65 95 88 55 90 85 69 33 60 67 19 41 50 86 61 20 73 24 64 42 96 52 16 28 57 55 51 40 30 95 90 46 21 34 56 82 66 10 28 19 22 82 21 1 44 5 67 87 14 
72 4 83 3 91 31 30 20 77 86 89 11 42 19 32 91 52 36 25 59 68 14 55 11 88 33 76 49 58 5 46 2 71 26 6 29 79 31 85 2 43 47 16 62 86 33 60 38 84 3 70 53 76 83 32 48 92 1 50 80 17 53 12 8 34 71 39 74 27 30 59 94 78 47 23 69 74 38 93 84 35 51 44 45 77 62 18 23 70 98 97 12 25 95 57 54 9 49 29 37 
44 41 87 66 9 5 8 54 22 1 36 99 92 34 49 96 47 51 45 58 14 27 6 97 31 24 28 48 9 26 3 13 39 48 55 21 43 61 46 1 73 15 25 79 60 78 68 96 10 12 56 8 45 2 68 7 43 69 28 77 84 15 67 81 21 75 27 10 93 24 41 81 64 16 97 72 17 35 90 54 11 52 63 67 13 40 22 82 87 70 78 50 92 86 37 82 57 26 91 65 
54 88 50 44 93 55 19 2 69 7 56 66 32 37 18 83 36 59 73 21 18 40 41 5 12 53 9 95 72 57 47 94 62 19 6 23 76 56 99 66 71 72 78 16 77 3 50 32 40 1 4 29 99 85 75 76 80 38 85 70 43 42 13 95 17 63 25 98 20 96 42 75 59 35 61 90 49 93 74 57 90 20 88 65 24 83 45 79 33 81 73 37 64 65 62 30 14 33 44 89 
44 3 26 31 53 61 24 89 92 86 28 89 93 72 30 74 46 79 50 87 61 52 86 49 35 11 48 75 54 66 13 58 98 64 18 30 53 71 10 38 74 67 16 45 97 39 9 97 64 14 22 8 34 78 28 14 60 98 63 57 99 2 17 82 63 4 84 29 51 71 39 37 80 60 46 10 27 68 91 31 41 5 48 69 77 84 1 82 15 58 23 94 15 36 38 7 68 87 95 27 
83 3 23 90 91 51 37 16 88 11 74 73 85 48 18 41 91 81 86 2 81 47 42 76 28 69 43 69 84 58 9 51 39 52 94 29 78 26 64 5 20 85 29 98 46 70 95 21 73 59 90 43 7 49 94 32 22 33 42 40 17 31 88 56 50 83 21 4 62 13 59 12 80 96 8 40 23 65 6 25 26 56 34 70 6 92 57 19 22 99 76 65 96 38 15 55 12 19 61 67 
61 27 82 8 10 95 6 63 60 79 80 27 74 19 98 10 92 28 49 2 71 45 65 97 91 72 78 4 76 82 81 30 96 47 12 32 69 11 85 73 97 80 54 5 30 14 26 1 48 37 87 36 24 22 20 66 68 93 52 68 90 84 42 89 35 53 50 25 54 13 44 72 67 1 33 4 17 93 7 62 31 71 55 55 88 77 44 64 29 16 34 75 92 43 89 35 8 14 62 63 
52 71 99 66 59 80 49 41 11 70 85 11 6 75 69 92 84 27 46 19 15 3 79 34 5 9 95 36 45 21 3 57 24 39 26 23 50 36 62 25 40 83 88 22 43 59 38 53 77 60 94 46 52 35 21 33 47 86 56 56 42 58 14 75 55 41 74 77 32 51 66 15 87 99 7 60 82 47 51 58 98 29 68 25 10 38 2 23 81 44 24 18 34 53 33 20 79 67 7 45 
10 98 65 89 28 85 19 22 60 89 21 72 38 74 25 11 57 42 52 92 20 87 66 16 71 13 84 13 86 2 77 9 32 83 91 39 79 73 30 9 78 90 43 23 14 72 59 1 94 47 96 40 86 5 76 17 18 30 15 49 51 80 64 48 63 63 44 64 12 50 97 24 4 39 8 37 82 27 31 57 56 48 1 70 8 54 18 34 78 26 91 93 16 69 73 94 61 32 55 67 
30 65 75 41 29 79 24 56 81 41 44 97 2 98 53 13 78 40 9 32 12 28 3 1 58 20 51 50 36 92 59 58 55 46 38 53 31 90 71 28 33 45 85 95 99 19 61 87 42 23 17 37 54 29 4 61 65 88 86 5 66 20 37 7 17 62 62 35 96 45 6 68 36 74 93 3 93 34 47 99 54 12 25 31 4 70 75 22 6 89 95 76 40 8 77 67 81 68 57 83 
11 54 11 74 70 69 66 23 60 16 41 39 21 19 91 45 37 26 84 24 27 94 97 95 27 26 36 50 4 12 38 49 56 14 76 90 25 97 32 77 87 76 59 42 16 58 43 80 75 65 60 63 15 78 64 35 83 10 2 62 49 14 10 46 71 48 96 73 52 81 88 89 64 5 84 21 20 73 7 7 15 47 30 72 93 18 18 31 80 98 67 91 43 44 94 96 69 82 51 33 
95 9 61 21 63 37 49 29 42 17 28 46 51 84 15 10 68 25 92 33 48 13 74 45 38 28 72 71 1 86 44 79 4 82 32 55 75 90 53 31 88 8 90 5 67 88 48 39 78 43 40 68 34 55 87 22 3 33 70 87 93 14 17 9 39 35 19 72 99 58 67 13 52 8 6 86 73 97 35 79 26 99 30 53 56 1 94 89 61 60 52 85 70 40 50 29 83 57 98 92 
17 76 82 7 18 62 59 82 98 16 60 63 44 9 55 74 78 25 31 56 66 69 49 77 84 65 43 39 36 45 50 83 54 7 3 12 80 22 90 20 64 81 46 92 40 11 41 34 30 72 54 85 2 22 96 83 23 27 89 67 68 95 26 91 23 6 12 11 46 21 62 16 61 28 59 41 96 73 99 42 52 97 63 80 93 24 8 24 87 66 77 36 3 18 1 57 76 47 65 20 
24 63 53 31 29 5 99 78 70 38 12 57 49 93 47 41 25 92 30 6 19 86 77 81 86 88 37 13 26 71 58 66 11 75 68 6 60 27 56 73 5 33 27 48 62 2 59 14 64 80 71 51 47 98 64 69 35 2 3 74 22 69 65 15 29 97 40 85 48 43 91 14 39 88 4 13 85 52 19 53 21 57 54 34 45 37 20 1 10 35 81 10 70 72 23 94 32 58 91 79 
27 78 8 5 38 97 38 11 83 75 82 42 32 28 72 89 24 75 92 17 82 51 94 20 87 32 44 59 8 79 22 48 70 33 61 95 84 84 13 3 76 96 69 52 15 54 68 30 47 26 7 4 28 95 90 50 67 46 42 41 18 1 88 83 31 96 99 9 16 16 34 21 98 66 94 89 71 86 46 43 67 9 25 44 81 17 23 53 4 19 15 61 79 36 6 87 18 55 93 36 
37 99 10 21 77 91 94 48 16 14 18 55 30 85 39 97 49 89 9 7 39 91 40 31 41 51 36 58 12 11 56 10 81 85 54 29 67 65 44 61 63 12 47 79 87 98 80 77 71 95 35 15 64 26 74 57 40 56 65 43 52 57 5 80 70 78 74 58 90 24 7 63 4 45 76 60 60 35 28 66 42 8 38 37 19 34 90 76 27 69 2 49 73 92 2 50 33 45 86 62 
26 37 88 39 51 4 85 23 32 14 77 96 56 40 80 29 95 60 5 53 38 50 47 64 6 34 57 89 49 17 65 97 3 46 67 1 51 59 45 30 53 75 18 54 20 22 41 61 19 88 55 76 20 92 33 22 73 62 74 1 82 8 98 68 63 86 91 72 3 71 6 44 55 7 64 17 15 14 73 66 68 52 84 84 27 13 58 48 93 36 93 25 83 11 75 29 82 23 34 32 
47 19 81 64 28 38 29 22 98 9 82 69 94 96 59 2 56 69 45 83 41 50 26 89 79 79 78 63 17 90 74 40 75 21 25 35 14 59 42 37 13 10 11 72 51 97 43 91 9 68 72 23 83 8 46 78 96 70 81 55 73 67 20 42 85 71 3 80 94 5 87 35 61 65 90 16 57 66 84 76 87 95 62 99 4 33 10 93 53 21 31 2 43 6 46 12 25 62 77 24 
46 68 12 9 48 22 16 64 17 49 38 24 75 72 63 70 97 36 81 3 13 54 71 15 80 1 62 60 88 24 49 18 82 60 29 31 93 39 37 50 86 88 52 53 89 10 4 45 2 84 58 11 27 28 18 30 15 36 77 1 34 57 95 33 23 41 47 98 32 14 92 5 12 74 70 99 35 19 27 83 44 78 40 7 99 16 32 94 58 33 21 50 34 86 59 44 28 13 73 52 
43 33 39 2 53 27 9 54 69 85 73 65 95 30 51 96 70 46 20 68 44 66 24 86 74 6 16 19 31 76 60 94 59 30 45 55 80 48 57 4 96 76 40 22 7 49 41 58 25 56 43 78 31 79 25 61 90 54 37 29 8 75 85 91 88 47 97 26 67 72 87 81 36 38 42 79 92 98 21 17 14 35 84 8 39 7 66 34 64 1 50 69 56 15 11 26 51 92 61 20 
94 97 63 29 67 69 99 13 74 3 7 5 73 52 71 51 40 24 16 61 62 32 4 45 23 6 56 81 65 1 35 3 41 87 60 48 88 89 27 96 65 99 22 95 20 89 57 30 18 31 77 48 62 6 23 52 93 90 80 59 44 19 77 36 64 90 11 21 10 34 28 49 53 87 42 82 85 98 50 72 38 58 32 12 91 91 9 25 70 28 26 67 13 39 84 55 71 83 42 18 
79 62 17 85 78 98 88 18 46 33 40 46 8 13 58 84 4 34 3 15 86 12 93 49 77 68 80 17 72 55 92 37 81 93 27 8 39 82 66 67 2 37 21 89 19 12 33 2 90 22 54 96 66 65 78 92 75 32 47 41 74 52 91 14 29 59 43 20 55 56 14 44 83 64 15 76 26 35 30 69 16 68 36 83 23 79 45 10 25 54 6 47 5 11 9 43 86 63 57 10 
70 29 60 59 77 56 68 54 52 75 18 42 21 28 62 69 9 39 30 13 93 82 88 36 76 61 14 5 44 60 26 49 83 31 96 24 99 87 82 94 38 94 78 92 41 1 87 34 51 24 97 79 5 91 50 63 48 81 37 15 66 40 95 25 43 2 72 11 51 98 45 22 84 64 76 71 57 85 65 86 23 7 90 53 80 95 73 16 20 4 71 28 99 58 17 7 73 1 6 70 
67 79 12 34 76 63 15 7 27 55 54 47 48 62 42 4 32 90 74 80 8 63 1 69 41 10 61 72 98 26 82 22 24 50 84 74 46 19 33 39 38 35 59 47 10 36 97 29 75 45 8 16 67 52 46 89 31 9 21 89 86 5 58 91 64 73 60 92 61 18 88 43 31 51 53 32 68 23 55 71 11 12 81 48 30 75 3 85 65 70 66 42 33 95 57 3 27 97 78 14 
75 58 13 65 31 55 16 86 28 19 4 96 68 62 57 5 35 9 91 54 47 83 88 38 77 37 63 89 39 73 78 98 66 6 30 87 72 77 74 40 99 93 51 81 24 60 64 26 82 67 20 97 17 59 2 25 6 36 1 49 25 3 32 87 34 33 22 94 44 79 53 61 90 2 35 56 48 13 52 71 76 93 69 94 70 49 11 10 18 46 20 28 40 44 56 38 53 50 80 7 
45 65 95 61 1 93 79 85 27 96 3 19 37 47 91 77 74 68 17 51 22 12 80 2 52 43 66 97 89 64 41 31 4 26 39 29 71 41 38 84 15 37 72 56 94 6 34 18 13 20 99 14 21 24 17 84 83 82 9 50 28 42 23 15 35 29 67 86 23 73 36 44 88 78 14 50 83 55 30 96 63 59 62 40 11 42 95 33 54 16 49 92 85 43 53 45 8 27 57 48 
83 19 21 18 80 31 38 32 9 5 57 70 65 99 62 27 15 88 30 60 61 92 69 16 85 76 96 87 12 10 79 70 49 17 66 10 81 98 35 6 8 60 40 8 36 34 2 14 64 76 19 29 32 89 69 99 81 33 43 67 11 25 37 45 63 74 91 98 87 22 44 53 82 71 75 25 46 39 73 86 56 95 77 23 55 58 7 59 20 54 72 3 46 90 48 12 7 90 68 42 
61 53 93 80 89 5 31 94 96 21 2 97 27 76 18 62 47 19 70 1 11 4 24 88 51 52 37 26 35 56 28 66 85 81 69 5 44 28 25 92 51 58 91 7 38 16 64 15 17 14 78 68 50 95 92 84 41 82 8 20 93 22 21 75 48 43 58 90 47 9 36 74 98 54 13 75 23 60 3 71 33 32 39 13 55 24 84 41 59 46 6 4 10 83 67 1 26 94 78 34 
21 86 12 72 58 94 76 43 28 52 7 86 40 92 64 44 69 19 2 55 15 79 79 50 61 99 36 42 5 48 47 35 99 29 10 65 52 57 38 96 30 45 45 63 56 20 8 30 59 57 97 88 29 91 72 87 40 82 25 14 12 54 34 80 89 37 27 6 50 81 73 75 87 62 63 42 51 16 26 53 97 33 24 90 41 77 4 3 78 65 9 98 49 31 70 73 49 17 46 39 
83 86 93 23 90 1 19 44 17 23 7 1 67 28 27 60 52 39 33 42 37 66 47 80 59 67 73 38 62 53 55 45 91 34 49 74 30 11 89 40 13 83 4 24 96 41 20 87 31 79 77 84 68 66 71 95 32 56 13 21 2 16 12 11 3 32 18 35 95 50 10 48 25 85 60 84 65 78 5 8 70 51 71 61 15 18 36 9 63 14 46 43 92 22 54 22 85 68 74 82 
76 86 98 33 63 72 44 90 25 77 12 81 29 80 50 98 64 20 55 99 38 6 37 45 30 93 39 60 75 62 58 69 88 77 9 75 67 72 43 7 76 64 5 6 19 23 8 83 57 68 47 3 57 32 58 94 29 15 95 54 24 93 13 89 42 78 4 70 36 11 91 96 85 28 88 26 31 97 2 22 17 35 41 65 21 69 84 53 59 94 61 40 48 46 14 97 99 66 74 27 
76 62 87 30 84 22 59 42 78 26 55 81 39 19 40 65 80 94 73 52 32 18 17 16 11 71 8 70 50 14 46 38 79 66 96 26 4 1 57 7 52 73 98 83 85 86 21 89 82 69 99 5 16 87 34 51 92 95 88 12 51 54 35 56 6 27 49 1 45 28 10 92 41 91 79 10 53 36 25 58 15 44 23 68 13 49 97 20 90 34 48 93 75 67 2 56 82 47 60 9 
9 63 31 16 12 43 81 5 17 72 67 18 88 83 60 66 49 55 56 79 47 61 94 89 19 29 13 18 52 25 97 36 64 20 23 98 51 39 69 54 74 37 73 21 62 26 41 50 44 76 57 59 63 11 43 71 77 61 70 3 53 46 22 6 58 27 78 95 92 96 32 34 75 80 81 64 48 42 99 91 35 7 87 72 37 33 45 31 4 65 29 24 33 30 68 24 3 10 77 8 
40 78 40 73 33 12 90 5 66 14 99 90 83 16 60 89 41 75 25 28 6 71 20 61 62 84 85 84 19 37 52 4 14 68 59 72 74 55 38 64 82 70 31 50 42 45 27 29 80 82 3 9 85 94 2 38 86 23 26 10 39 65 1 48 71 76 22 21 87 67 47 97 95 44 93 28 35 8 56 46 18 53 15 77 34 74 7 30 91 51 92 2 93 79 32 15 1 69 24 43 
58 28 96 24 67 23 10 3 87 54 37 17 69 38 57 61 45 14 84 98 25 49 43 64 96 13 36 79 56 27 93 42 2 31 82 50 44 92 91 19 98 8 83 7 46 52 62 12 41 54 78 74 88 53 57 58 81 17 85 51 77 22 26 72 99 47 9 55 73 65 33 89 40 39 81 11 32 95 49 30 59 97 20 68 11 86 63 94 86 71 80 4 6 5 18 63 36 48 88 15 
89 41 34 8 87 91 83 98 36 35 40 13 15 76 24 55 18 33 50 75 70 21 82 16 34 70 11 61 58 38 69 12 29 19 9 53 60 47 97 73 66 93 6 49 20 27 31 1 42 52 78 85 1 86 75 60 16 88 21 68 54 51 99 25 4 14 17 39 80 37 23 94 59 48 74 76 62 57 32 3 90 22 28 92 66 35 65 79 7 96 26 2 84 13 30 90 29 5 95 71 
70 58 45 75 20 22 16 1 38 54 66 67 15 99 28 67 23 14 64 9 41 56 33 31 42 81 8 86 32 95 3 79 80 90 87 55 37 35 25 60 72 62 34 88 63 26 2 10 72 49 6 84 46 97 63 44 13 78 57 21 83 71 45 82 56 47 92 89 27 4 51 52 30 24 50 43 69 81 73 77 43 98 59 11 53 10 65 74 91 36 96 19 40 61 93 64 77 76 94 7 
19 23 17 5 71 43 54 72 26 27 59 75 99 18 45 7 28 31 12 4 33 44 95 3 39 18 67 78 65 42 73 32 51 81 21 17 1 89 24 38 85 64 37 80 79 96 76 46 6 50 30 56 29 10 12 5 8 25 52 13 84 98 82 92 58 88 70 34 53 20 29 47 60 74 41 39 68 86 85 16 83 57 49 35 66 68 90 15 94 55 9 91 61 62 2 46 48 77 14 93 
96 59 69 97 40 70 9 6 94 23 80 15 75 79 51 3 37 46 76 11 24 22 62 7 50 36 34 89 20 60 57 18 35 68 42 56 87 92 88 82 11 21 91 63 86 26 31 54 95 44 43 47 48 77 40 63 25 66 28 4 8 71 84 90 19 61 55 74 65 45 99 72 33 2 10 87 49 22 69 64 29 12 30 17 5 97 36 32 39 98 85 41 38 78 16 44 93 27 14 53 
41 49 83 98 62 34 31 2 5 21 9 67 61 58 70 36 14 8 71 22 6 67 90 74 60 81 81 69 93 82 4 7 83 72 48 24 35 95 47 30 73 63 15 27 75 23 42 86 20 26 39 65 58 52 48 52 78 68 66 32 1 89 91 85 11 37 56 33 38 94 18 73 46 12 19 44 54 40 80 51 3 76 55 57 88 1 96 25 53 45 59 92 97 29 99 13 16 64 84 79 
57 10 10 53 45 68 39 29 96 5 55 1 12 42 56 95 17 37 51 22 81 28 26 83 89 77 3 65 76 40 18 33 48 31 8 93 47 82 71 69 50 97 84 78 23 43 67 6 7 87 50 66 86 59 87 13 35 99 11 28 90 38 49 41 92 62 75 24 85 20 19 27 30 70 4 13 14 54 21 73 15 74 98 77 80 17 58 88 25 91 72 46 44 64 36 43 34 79 16 63 
22 48 9 67 74 6 26 53 96 88 69 79 5 56 58 91 98 20 65 89 23 52 95 60 94 60 35 72 9 15 99 34 80 76 18 31 43 83 41 59 19 12 16 8 64 27 11 37 51 97 50 61 14 38 32 61 54 87 93 81 70 28 84 40 29 78 62 49 39 2 3 68 42 1 75 10 77 4 86 44 71 32 66 92 24 94 90 30 55 73 45 57 46 63 47 2 7 25 33 36 
10 61 13 19 33 63 7 46 45 51 44 60 54 24 8 34 65 78 30 18 2 85 94 26 86 82 56 22 21 72 35 41 95 69 11 83 77 85 14 68 53 23 50 52 79 49 37 93 29 84 4 36 90 31 52 48 28 32 88 97 82 17 74 98 89 25 40 99 13 91 55 81 38 73 9 12 70 96 67 76 15 59 75 20 27 21 3 92 1 43 80 5 16 71 42 17 39 66 64 57 
77 73 87 66 61 82 25 47 9 10 58 43 12 91 98 7 38 26 84 81 27 58 36 70 90 47 1 68 79 16 13 99 17 74 67 88 3 40 37 97 24 6 64 49 39 46 51 52 4 35 89 76 31 32 62 20 18 22 42 63 57 33 19 54 69 53 48 87 55 41 72 60 65 44 78 28 93 85 92 80 2 62 71 75 21 6 14 59 8 15 50 34 95 29 30 45 83 5 56 96 
75 95 11 63 3 99 57 34 65 98 71 25 61 89 46 59 48 73 50 11 80 94 4 37 31 23 93 62 72 70 97 26 42 94 83 38 79 9 14 13 19 64 85 2 28 86 10 81 6 36 55 21 76 12 86 77 18 43 17 33 41 91 30 8 84 32 49 20 7 54 15 82 96 67 16 52 5 29 60 47 45 78 87 53 88 74 66 90 35 56 22 44 24 40 23 51 27 68 92 1 
43 56 13 60 99 33 47 52 73 20 75 39 98 12 6 37 4 22 63 55 11 58 46 59 65 69 18 34 92 27 25 53 15 85 5 83 10 66 23 16 96 90 70 28 17 87 36 29 40 79 82 67 30 51 39 44 77 2 19 49 74 97 78 64 68 8 89 7 31 58 72 71 48 88 14 21 86 84 95 76 50 91 42 81 57 38 41 35 80 26 62 69 94 45 61 93 1 24 32 3 
92 33 54 20 27 46 16 89 90 72 94 50 75 88 71 21 56 10 80 64 86 9 99 14 45 58 42 74 62 47 81 73 30 82 98 28 17 51 37 65 6 48 24 11 66 63 69 43 26 52 22 3 53 96 54 4 41 34 8 36 40 83 5 85 2 18 95 77 32 12 49 44 97 79 31 35 55 19 15 87 57 60 25 78 68 1 76 9 7 39 84 23 70 91 93 61 38 67 13 59 
40 3 14 87 36 61 60 99 16 42 49 96 84 6 89 79 46 74 24 68 27 9 92 4 28 78 10 43 63 20 19 76 8 95 71 98 12 59 7 26 91 29 93 37 15 50 1 65 80 51 39 45 44 64 29 53 58 77 41 17 62 75 21 85 83 35 5 32 90 94 72 30 81 38 70 2 22 97 57 82 31 25 48 52 67 11 13 47 34 33 23 55 18 56 88 66 69 73 86 54 
