87 53 48 93 85 36 18 75 69 107 7 67 65 9 105 73 104 45 19 106 76 51 52 40 70 10 103 54 50 13 79 8 110 55 95 39 81 80 98 71 91 100 89 108 31 46 15 47 3 49 43 12 2 32 27 16 21 109 35 14 38 94 59 26 92 17 57 23 5 11 68 63 78 90 24 84 102 62 4 20 97 82 44 74 37 34 30 99 96 86 101 71 29 88 61 60 64 33 72 1 42 77 66 22 83 56 6 58 25 28 41 
86 103 81 39 43 64 96 68 25 89 35 58 40 88 3 72 21 77 63 105 90 10 80 7 84 55 104 102 51 65 57 107 23 9 52 76 70 41 14 77 94 19 2 82 66 108 60 47 99 45 12 100 30 5 22 78 75 50 16 48 95 8 46 106 69 83 36 93 29 33 24 61 101 18 97 79 53 74 15 38 91 27 13 34 17 31 44 54 73 4 110 81 1 42 28 92 85 49 20 56 67 32 6 26 59 98 11 109 37 62 87 
84 18 92 94 17 16 21 86 62 60 13 64 108 32 54 23 33 74 102 27 53 90 1 2 29 100 37 26 82 56 71 110 51 106 96 50 14 55 91 65 98 75 88 89 31 30 39 9 87 34 107 104 72 69 73 49 11 85 46 68 8 52 80 12 22 93 70 43 95 41 5 4 59 7 45 48 28 99 3 105 97 83 15 42 20 67 57 58 38 24 44 33 19 25 48 78 101 76 61 6 109 36 65 79 63 10 40 66 103 47 35 
91 69 17 5 35 53 55 103 58 12 76 41 108 46 61 43 30 19 98 47 104 63 88 18 50 90 110 10 81 34 20 40 107 31 72 51 96 66 2 99 1 109 59 99 32 44 60 37 93 9 83 84 87 56 106 51 8 42 74 6 80 29 36 49 85 64 14 92 75 73 24 94 89 11 13 104 38 95 68 105 39 52 79 28 16 86 54 102 4 70 67 94 27 62 71 26 97 7 78 82 101 3 25 15 77 57 22 45 21 23 100 
101 60 13 2 75 19 97 84 53 28 63 91 39 93 42 108 46 20 5 103 77 64 3 105 10 24 54 58 41 8 72 88 107 26 21 25 35 57 18 82 100 9 61 52 45 12 98 50 47 17 32 55 83 9 89 87 7 43 74 82 6 4 33 27 86 38 23 71 109 95 85 22 76 44 87 55 96 37 79 65 73 48 81 69 14 59 62 90 92 15 70 83 80 36 31 78 68 67 110 11 40 1 66 106 29 16 49 102 30 56 34 
96 50 45 1 30 12 7 88 26 100 24 104 70 3 91 95 40 59 106 41 73 65 37 103 80 10 85 97 22 58 49 35 43 25 28 13 108 19 6 62 93 76 81 34 78 62 77 109 48 89 38 2 29 71 8 46 72 27 18 74 53 56 32 16 75 51 86 84 20 5 101 99 11 64 14 44 107 60 52 36 66 23 42 57 105 33 17 71 46 94 44 51 15 39 67 63 102 54 102 110 61 31 69 92 4 21 79 47 98 68 90 
108 45 80 92 29 43 78 88 104 110 82 83 63 11 107 31 42 105 27 26 67 85 59 40 35 25 14 6 17 101 90 3 13 58 52 77 5 66 60 55 30 91 55 61 81 15 50 4 106 95 34 89 12 25 79 6 86 38 8 39 53 47 36 18 70 9 24 41 103 93 94 54 2 76 75 24 99 87 7 84 56 109 96 22 23 10 74 48 65 40 73 37 32 72 68 21 39 28 33 69 97 100 19 37 1 57 16 20 98 64 49 
52 12 58 94 19 75 59 82 66 79 103 95 107 94 47 97 22 71 49 101 28 14 65 70 84 53 86 21 4 2 27 74 31 102 78 34 26 46 29 72 51 35 80 30 96 33 15 61 32 67 98 81 88 24 90 73 44 7 76 108 54 106 36 60 20 85 89 41 57 10 83 110 63 64 69 45 11 72 105 100 42 99 9 73 92 13 45 56 43 64 8 70 18 17 109 1 8 50 38 23 87 93 16 48 5 62 104 91 77 68 3 
85 97 3 84 62 30 104 67 13 42 9 83 84 93 35 95 51 15 102 77 16 7 17 71 33 88 29 46 32 48 69 34 14 40 98 96 103 44 90 3 80 56 28 65 109 12 20 75 58 76 2 82 1 6 87 40 66 99 60 81 19 6 106 39 92 50 101 41 68 67 38 52 54 36 63 61 43 18 110 79 31 22 91 57 10 37 53 21 107 110 74 48 108 5 55 4 9 47 27 26 61 49 59 89 25 100 86 105 11 78 23 
26 17 52 98 74 44 18 28 105 104 34 8 106 92 93 4 71 51 29 100 83 97 94 22 50 78 108 50 31 16 57 11 109 27 10 88 32 12 45 87 36 98 14 101 21 35 65 7 69 37 33 42 19 62 87 101 60 91 82 62 76 1 47 89 66 75 5 64 81 71 77 85 95 15 43 61 59 38 90 25 39 86 20 102 73 49 24 13 54 83 107 76 46 55 68 103 8 72 56 23 70 41 63 79 30 53 58 96 80 2 99 
56 102 37 36 65 94 95 63 40 80 47 77 49 7 26 44 13 104 24 1 64 81 21 16 2 34 20 108 15 39 54 69 9 48 91 85 66 79 58 26 90 46 25 73 45 52 18 100 84 108 29 53 28 85 55 38 12 106 43 19 33 70 10 74 39 107 57 88 22 98 32 30 35 82 38 69 5 103 27 42 89 72 6 86 78 110 23 67 17 95 31 11 11 96 99 3 59 41 97 92 59 109 51 60 4 14 36 105 93 68 75 
35 53 80 104 14 99 23 78 18 27 67 79 100 28 44 70 97 93 45 52 63 19 48 7 86 87 20 108 90 58 91 106 51 50 32 43 76 77 9 70 72 109 34 6 65 78 68 103 2 81 49 92 5 79 88 44 29 30 83 71 17 57 56 37 96 10 22 42 40 84 16 105 61 47 55 10 107 84 25 8 74 89 82 41 102 15 3 33 75 90 96 15 24 12 46 21 61 73 104 66 54 1 60 64 101 31 13 94 4 62 110 
7 8 106 74 36 28 85 78 98 82 48 109 27 17 65 6 55 53 97 46 18 41 33 26 89 66 23 49 105 30 72 68 75 110 24 39 4 25 37 63 11 88 5 101 59 80 2 12 67 107 50 94 60 75 71 31 87 100 20 57 73 3 42 77 17 38 16 43 63 79 86 13 32 87 49 85 58 92 22 29 52 51 21 83 45 47 34 19 62 100 9 89 40 35 74 76 67 56 64 31 93 99 102 103 14 95 69 1 91 54 81 
46 76 20 103 44 13 95 62 42 36 72 103 4 47 12 108 7 61 34 9 96 68 94 101 66 58 10 63 15 56 83 105 35 102 50 55 65 62 71 102 69 11 3 54 24 84 106 33 27 22 2 97 1 34 19 105 44 53 107 86 40 88 98 18 53 81 70 99 45 47 32 110 80 109 30 109 104 29 5 48 57 82 60 52 39 16 93 37 64 87 14 83 41 21 92 73 30 91 25 51 43 77 8 59 28 38 26 90 38 23 6 
76 110 33 1 26 22 5 11 54 11 51 36 99 31 43 79 86 75 20 60 58 45 77 93 17 104 106 84 6 56 32 2 82 3 24 67 55 70 81 24 91 37 88 68 10 1 42 90 74 46 61 23 35 95 66 29 30 8 89 72 96 65 107 73 45 40 100 57 18 59 98 59 101 69 41 51 15 71 39 78 29 64 12 9 94 13 19 48 52 34 27 73 85 97 28 16 85 4 14 7 21 84 92 72 95 25 49 108 68 50 80 
97 69 53 12 82 88 90 55 66 75 105 50 70 102 12 2 4 26 54 3 108 46 92 60 39 16 33 20 14 71 107 63 48 6 18 49 41 87 36 53 21 22 65 94 77 91 71 38 64 52 80 27 32 81 19 67 44 83 76 2 5 93 100 37 27 98 25 103 96 11 8 58 57 35 99 69 110 67 61 44 47 101 106 56 31 74 109 10 20 37 104 9 40 42 43 81 97 55 78 17 23 89 86 9 7 79 15 28 73 13 62 
98 26 96 61 28 66 76 88 10 109 103 33 80 82 79 14 108 49 47 93 29 77 54 43 99 72 1 49 30 91 3 4 95 46 5 64 25 75 52 63 61 56 6 7 100 42 93 38 89 45 104 90 24 103 15 7 42 34 19 74 85 62 50 94 20 74 22 16 101 13 107 36 57 92 60 11 63 23 58 35 21 31 8 40 17 106 105 83 78 76 59 41 41 68 86 18 44 13 84 32 39 65 70 102 51 110 48 82 59 87 88 
23 3 89 70 72 24 34 69 100 77 45 65 53 46 83 18 42 54 110 81 51 14 27 33 105 102 17 55 31 28 66 75 57 29 8 12 95 4 94 8 109 86 56 26 73 106 89 79 85 87 32 69 9 17 5 105 107 71 36 62 16 21 60 64 73 43 38 40 39 44 47 6 1 97 62 13 10 50 80 92 98 70 101 30 96 91 37 55 22 28 25 9 48 52 108 15 76 90 104 107 84 78 68 35 2 19 67 61 68 58 99 
21 41 86 26 83 37 50 54 48 19 14 29 2 98 63 22 86 92 84 46 18 5 52 99 58 38 29 35 97 88 39 82 85 47 78 15 102 10 35 25 12 66 25 106 75 34 89 91 100 96 36 53 56 92 109 59 53 27 23 71 51 71 3 4 65 72 11 65 7 104 104 93 94 26 74 9 33 60 80 101 45 6 54 30 31 16 49 77 24 67 43 109 103 79 67 57 52 32 20 110 1 64 59 40 108 87 95 44 43 81 90 
21 6 14 103 84 4 3 88 51 8 2 62 30 37 70 23 109 47 61 107 13 10 45 60 42 50 20 47 110 22 88 1 106 108 83 97 62 7 49 18 58 66 82 94 55 99 93 68 48 64 87 28 15 67 31 96 16 34 56 19 78 18 105 39 85 90 41 32 40 22 103 81 72 93 100 4 98 77 63 16 5 74 76 57 102 95 96 101 33 35 38 90 79 19 24 75 79 12 85 80 36 46 73 69 34 91 11 36 100 27 17 
98 44 58 5 46 70 56 60 69 29 26 106 21 39 54 94 30 3 61 5 68 49 97 38 74 102 28 77 110 53 73 57 41 81 17 8 30 7 23 93 31 84 51 12 33 99 50 83 101 55 65 37 40 17 87 105 88 63 76 25 108 14 42 71 52 13 45 91 89 15 60 66 77 107 9 11 104 43 1 75 86 95 32 106 27 27 50 59 6 38 11 86 10 82 105 52 34 78 92 48 2 15 25 64 33 24 72 20 54 80 20 
31 107 83 83 109 98 108 35 97 44 76 50 48 10 96 101 19 56 65 42 68 102 6 24 2 43 46 2 28 19 74 7 53 41 55 70 91 82 12 10 57 35 8 100 62 47 24 1 23 92 67 85 4 66 58 18 95 36 73 52 104 103 9 64 30 37 39 81 69 107 3 87 32 59 13 33 71 75 45 21 22 89 72 61 80 37 99 7 79 70 84 26 16 49 40 110 84 26 90 18 78 14 63 94 17 29 95 68 46 51 66 
58 34 81 53 12 108 106 58 92 6 38 78 94 32 47 11 2 5 87 8 51 9 40 103 25 86 42 110 44 82 23 21 65 73 22 3 80 69 28 88 63 29 31 15 74 39 87 43 105 56 48 4 90 91 54 54 100 38 13 1 41 71 99 110 27 62 109 100 55 31 89 36 91 85 61 42 101 1 14 45 97 78 27 98 20 10 104 101 72 70 53 45 88 64 77 96 41 49 75 79 102 76 60 93 34 67 16 22 62 57 59 
80 96 3 108 97 32 60 50 83 93 16 27 49 11 65 19 49 48 21 17 25 67 64 95 109 30 24 55 79 61 7 77 43 16 5 8 98 40 9 100 73 90 37 106 107 75 102 26 52 99 47 13 63 31 108 14 96 103 56 78 66 71 72 89 97 69 28 39 23 67 86 81 33 57 55 43 6 104 51 94 74 84 15 85 46 84 14 2 76 34 44 74 29 4 82 18 72 20 36 12 102 68 105 59 62 35 50 20 87 92 45 
82 88 56 51 41 109 80 60 40 73 67 76 71 52 51 26 3 91 23 85 15 61 68 64 66 11 37 73 48 29 104 47 28 44 6 36 32 77 65 88 30 21 4 8 9 19 70 76 33 106 38 94 54 8 12 56 95 63 81 34 22 46 24 57 75 53 69 105 25 4 90 58 89 86 101 109 39 10 103 1 42 3 60 92 99 103 98 7 17 65 70 47 57 7 95 107 69 13 75 5 110 18 59 83 20 93 79 102 36 35 101 
12 17 22 5 33 30 105 106 83 106 71 38 16 92 91 23 45 63 77 50 100 48 27 81 64 9 13 15 1 19 28 82 18 2 38 21 58 26 68 9 11 37 49 78 24 35 81 72 41 107 93 39 84 73 98 108 69 21 25 54 46 66 90 25 98 54 59 96 32 14 80 52 44 71 89 83 108 104 40 79 110 86 31 45 15 101 29 80 55 109 53 70 5 99 97 87 67 42 94 10 14 74 61 85 37 62 6 6 72 43 2 
31 44 99 62 75 61 20 10 93 110 52 58 63 87 76 22 48 91 11 49 18 82 16 13 104 42 84 87 60 66 105 46 68 51 29 26 33 86 47 55 89 85 36 12 77 48 97 23 50 8 39 58 24 32 79 12 75 37 94 68 64 4 32 23 28 34 100 84 41 79 30 28 52 17 55 9 10 7 27 62 95 1 35 40 19 54 102 104 92 4 96 101 103 90 107 74 45 56 59 57 97 53 78 3 108 88 43 24 70 65 3 
40 103 43 68 57 18 77 54 17 7 106 103 110 89 74 2 15 51 94 90 50 71 95 66 5 12 63 94 38 72 60 21 6 107 91 81 86 69 22 57 88 8 42 78 26 29 49 1 80 14 53 100 33 59 83 98 51 102 30 63 64 73 41 56 52 35 92 96 27 2 98 102 105 106 56 73 15 59 96 31 67 44 34 82 36 58 16 107 61 85 93 80 109 25 46 39 40 99 47 19 76 49 11 85 13 65 13 90 109 20 100 
72 29 110 61 35 84 33 36 23 93 96 39 91 99 27 62 4 88 5 42 3 53 50 83 64 8 36 32 48 81 60 82 77 69 104 87 74 79 47 69 44 21 34 9 101 19 11 67 89 71 11 25 16 85 32 59 41 97 7 6 45 30 92 72 105 70 61 60 38 31 22 75 44 66 95 103 28 24 8 97 65 39 78 55 86 93 4 106 108 92 41 48 31 105 37 18 76 17 6 76 43 10 26 1 99 20 14 22 49 46 62 
14 83 77 8 17 58 24 81 108 53 33 84 15 16 9 23 69 20 47 34 110 63 18 104 13 74 10 17 40 86 82 5 30 109 74 70 27 19 67 49 64 37 43 90 55 79 26 68 80 81 12 65 101 90 25 68 55 71 21 28 51 73 46 5 12 98 64 97 52 93 75 56 45 54 50 106 41 102 7 3 87 2 71 94 38 35 26 87 84 9 95 25 29 88 1 78 79 66 28 89 42 57 35 107 86 100 91 16 20 33 75 
61 58 1 16 38 31 104 6 23 6 40 65 77 11 78 101 102 34 7 10 37 60 36 91 108 101 22 94 15 45 100 18 39 51 19 42 89 92 53 49 15 105 24 13 109 110 72 76 54 59 46 107 48 50 67 20 70 90 30 63 32 96 102 7 76 14 85 55 70 2 29 88 56 103 47 80 57 50 43 73 40 63 57 95 4 84 62 18 99 83 80 9 21 66 98 44 87 82 72 14 27 2 65 52 85 3 94 47 12 83 10 
71 17 66 44 62 86 24 57 30 95 9 36 109 35 61 5 55 97 77 96 100 73 38 26 82 66 42 107 92 3 108 60 98 34 23 79 33 22 106 48 96 25 56 103 88 51 4 53 78 27 105 58 99 11 29 92 105 108 4 60 36 13 89 20 88 68 46 25 1 80 99 28 41 37 48 23 54 81 31 11 52 107 110 44 69 93 74 49 21 85 43 53 19 59 8 104 26 45 32 75 67 68 93 54 12 64 91 61 110 39 95 
58 50 30 58 83 17 21 48 28 101 82 83 1 77 70 7 52 74 27 16 81 62 84 5 100 43 42 16 24 97 64 33 41 71 69 10 18 90 31 56 95 32 72 38 104 22 36 39 73 65 37 15 47 54 106 21 12 104 87 86 76 89 29 37 76 49 6 110 8 78 13 35 14 13 79 68 61 94 91 19 75 2 63 78 67 101 82 2 59 7 98 97 52 103 51 43 57 56 3 86 41 102 40 45 14 34 109 30 29 46 11 
109 47 85 89 102 1 26 21 27 39 26 96 91 28 89 22 84 20 23 105 81 80 66 93 19 54 46 99 32 18 63 55 45 90 88 87 69 74 33 24 9 92 50 77 17 3 17 72 9 96 79 64 59 38 44 80 56 66 62 72 84 8 4 61 77 52 108 19 75 97 3 5 24 25 51 22 57 15 49 34 103 60 71 53 6 74 107 73 42 40 10 44 65 100 67 99 31 35 38 98 12 73 31 106 78 94 40 71 39 70 64 
51 8 106 79 37 47 79 100 104 70 107 87 10 76 95 67 97 100 2 27 23 46 68 1 82 104 4 68 45 60 75 98 88 6 11 34 13 30 107 82 3 93 20 92 33 14 50 42 108 48 65 81 102 58 87 45 18 46 35 1 85 32 103 27 53 29 41 19 83 23 36 101 94 43 25 98 78 91 103 7 15 59 62 16 53 25 50 16 109 47 18 83 69 55 110 58 95 5 105 29 55 63 36 90 60 86 52 59 65 28 80 
20 71 89 22 12 56 38 65 106 9 62 109 72 64 105 108 39 2 15 93 7 90 22 35 32 91 70 9 41 84 57 14 39 6 5 8 17 73 109 97 6 26 34 49 37 30 5 69 66 31 86 21 94 45 24 16 73 75 61 96 101 44 67 87 85 60 43 33 13 63 53 99 54 51 63 32 8 81 89 42 76 75 88 11 10 36 62 74 96 101 85 26 28 40 51 4 95 102 33 110 106 92 74 77 29 48 77 57 48 91 21 
68 70 44 55 59 108 80 12 71 102 47 69 25 31 81 43 102 93 82 98 64 69 34 79 7 34 13 30 14 88 83 37 61 92 58 28 10 42 66 105 19 78 27 46 55 18 24 41 56 107 104 52 37 109 54 45 59 35 23 76 38 67 3 38 1 77 4 83 100 94 16 50 94 49 17 13 91 1 87 20 86 72 110 12 24 25 99 96 30 84 90 75 76 2 84 19 104 11 35 103 72 49 15 47 74 40 26 18 10 105 4 
7 31 41 21 50 65 33 40 8 58 16 18 43 21 9 11 20 20 86 66 46 80 98 93 39 39 97 42 2 60 61 87 92 78 85 53 14 110 15 30 31 95 17 56 44 64 29 28 107 81 36 63 3 73 90 109 41 25 6 99 29 82 32 84 95 48 57 59 99 28 68 40 67 3 22 98 46 54 62 48 103 23 108 101 73 2 27 36 27 80 106 104 5 62 100 68 11 51 89 70 61 42 79 71 49 88 9 100 58 52 79 
86 47 34 65 6 19 69 101 17 7 36 74 4 82 34 88 3 91 51 107 52 76 8 89 26 40 23 91 37 60 96 52 15 103 67 43 66 64 71 45 51 94 108 105 70 38 13 57 44 63 90 92 45 6 93 70 86 69 101 30 50 5 55 76 92 26 22 10 81 80 14 14 56 82 97 56 99 110 62 53 77 54 106 1 65 73 107 60 102 103 10 7 74 85 32 12 97 83 13 78 25 72 24 35 31 75 32 85 49 33 84 
68 29 5 96 17 109 104 5 24 67 31 13 54 12 106 59 84 2 8 64 43 102 46 88 94 54 33 53 18 37 72 2 109 50 98 90 81 21 47 37 21 39 27 61 106 57 105 53 41 58 79 110 22 26 20 104 32 102 28 91 23 42 87 46 7 67 35 39 15 15 100 19 75 83 9 18 50 1 3 48 44 108 83 71 11 36 6 62 77 64 66 95 105 38 63 89 60 96 100 93 40 4 78 16 38 95 86 90 56 55 107 
16 24 110 92 11 28 43 82 51 98 76 59 97 23 81 35 18 101 68 4 41 25 59 71 108 13 34 63 9 10 87 37 39 17 47 80 30 63 76 72 93 81 77 19 72 65 95 48 42 79 82 71 45 17 33 107 85 25 29 91 57 61 94 43 14 28 55 11 22 70 40 52 14 56 78 47 89 73 90 89 1 74 58 75 66 34 9 51 27 48 93 29 99 69 70 103 54 92 88 20 2 44 49 12 84 85 88 75 67 8 20 
15 6 38 24 4 96 7 78 44 109 108 54 66 42 46 69 60 31 103 100 83 21 19 3 32 23 23 5 46 108 16 72 51 93 80 105 79 52 99 104 48 5 68 60 30 26 8 27 78 77 41 79 106 37 1 69 4 89 98 86 101 110 86 33 94 103 64 44 61 10 26 50 62 88 24 102 77 36 98 10 65 94 8 53 22 92 99 95 58 53 74 42 73 33 45 12 75 35 97 49 82 55 104 102 73 87 63 105 49 57 70 
18 83 39 29 61 14 3 7 31 57 53 77 107 21 46 12 75 27 19 97 52 101 6 109 13 73 30 109 34 35 43 58 68 36 76 90 62 22 84 4 44 25 50 80 2 59 72 97 36 15 55 67 110 96 40 3 86 65 100 41 9 11 81 83 74 103 1 9 47 64 107 71 20 47 17 15 66 38 78 16 85 74 67 56 106 91 61 79 58 27 65 20 45 66 91 41 70 28 87 96 2 64 7 29 28 68 45 90 99 32 59 
89 22 106 85 19 81 31 104 69 100 67 37 84 82 9 110 1 40 87 28 12 98 108 6 18 89 94 63 80 30 93 3 50 39 32 76 8 39 57 25 12 63 5 17 24 60 46 105 55 51 14 83 1 98 49 59 71 72 20 18 92 85 13 51 62 6 88 7 23 24 49 21 56 86 11 95 21 54 43 71 33 50 10 101 35 108 92 101 37 93 38 38 26 62 104 48 61 42 25 34 57 102 43 52 31 95 79 82 91 16 77 
48 34 80 81 75 68 19 70 15 44 47 17 58 40 84 55 104 10 56 76 14 96 8 74 41 4 88 71 11 102 42 30 50 103 97 4 99 52 45 72 45 30 26 17 36 64 110 29 78 47 35 94 81 95 107 23 85 79 35 29 110 5 76 19 24 13 16 2 106 28 99 70 32 25 90 33 64 53 40 23 69 27 22 22 109 66 31 12 66 36 65 49 60 84 33 73 44 94 13 100 91 103 87 105 74 2 14 58 83 54 100 
48 10 77 53 55 61 80 22 108 41 33 98 20 5 84 43 60 3 86 64 27 37 68 51 53 43 32 32 15 102 65 89 19 41 56 57 89 106 21 76 15 96 7 39 16 63 69 42 34 97 38 83 101 50 69 37 59 65 48 44 60 46 93 28 91 107 98 36 11 82 45 52 82 5 107 105 90 54 16 9 6 59 72 73 88 23 87 102 67 35 75 2 90 109 1 105 71 87 78 62 110 88 18 26 79 8 9 24 57 92 17 
51 11 46 43 13 1 109 26 30 54 64 103 103 97 23 26 38 3 94 37 80 55 52 104 34 60 61 3 106 86 93 11 71 32 29 100 58 74 7 31 102 108 8 10 49 70 66 40 73 25 12 93 99 68 101 54 91 12 21 90 38 4 31 16 104 94 42 48 92 24 62 77 67 100 81 85 55 39 84 6 14 62 34 47 63 39 69 79 68 4 96 27 75 18 85 20 59 92 78 27 45 75 66 56 42 95 44 52 30 21 74 
36 35 58 71 98 86 81 74 17 51 4 23 29 109 33 15 98 95 80 105 76 33 50 65 8 77 110 14 96 7 87 103 49 21 13 106 83 57 10 28 46 41 47 20 28 99 97 14 5 9 1 54 107 8 61 40 69 35 12 85 67 88 22 3 89 75 19 29 82 96 110 82 63 100 46 13 101 89 45 25 17 97 20 2 40 67 2 34 49 94 70 78 78 18 108 73 64 6 56 105 50 7 72 101 84 53 44 56 76 77 6 
65 95 57 94 39 15 53 109 30 38 72 96 43 24 73 60 91 87 92 36 32 37 81 102 9 47 99 83 59 26 63 9 88 32 108 83 48 58 90 16 55 66 31 41 80 104 101 107 109 106 1 15 22 54 61 62 84 60 5 87 36 11 18 27 99 103 91 44 90 2 100 68 27 98 73 56 59 88 71 30 19 79 49 47 5 61 70 19 24 64 10 69 16 52 55 42 82 86 51 72 76 8 93 70 43 62 39 102 4 25 106 
52 58 17 107 81 95 7 39 30 68 24 84 6 46 98 12 97 53 50 8 25 35 79 21 105 27 92 63 40 37 48 55 34 75 66 85 42 51 97 108 53 107 33 20 29 67 103 23 10 77 26 43 38 48 74 10 87 61 12 44 13 89 41 21 23 62 11 57 40 20 49 80 14 6 75 73 26 34 3 94 65 3 19 31 22 2 17 11 101 18 93 105 57 108 104 45 109 63 18 86 77 7 110 28 16 78 90 4 100 1 64 
42 80 106 76 9 81 46 13 9 68 19 21 15 69 93 51 10 54 65 41 35 58 93 102 96 11 13 53 60 72 14 17 55 49 92 79 56 38 22 97 52 88 50 45 16 85 38 25 5 67 82 46 28 60 36 42 3 69 85 74 59 47 86 71 72 73 83 5 14 88 83 1 31 61 104 98 2 66 103 4 110 74 31 70 52 23 58 84 6 8 41 15 71 29 33 32 51 78 37 91 33 59 76 95 66 89 92 87 20 99 64 
27 100 32 107 56 47 109 105 89 35 41 23 34 99 40 96 79 24 67 69 104 81 108 50 62 44 68 75 91 65 30 24 13 93 36 80 79 86 43 7 91 90 102 78 1 63 27 106 45 70 82 2 37 49 7 74 76 70 22 50 95 105 28 100 56 110 57 34 103 78 26 77 26 101 18 20 47 48 60 31 16 29 92 40 75 6 18 83 8 10 25 14 110 107 12 94 67 89 54 44 99 81 22 101 57 39 77 11 62 1 97 
30 12 52 83 54 86 55 18 76 82 5 81 61 21 48 36 4 85 58 103 37 15 68 53 33 51 109 110 90 63 17 77 71 37 46 88 45 29 108 90 66 39 80 73 27 59 46 42 38 4 96 43 64 104 102 22 23 61 59 84 3 5 32 21 42 58 19 45 10 74 62 84 65 56 98 19 15 87 39 57 109 94 70 72 104 79 78 105 67 91 43 47 106 95 71 9 53 48 25 66 30 98 51 28 6 102 86 55 65 35 101 
16 52 7 105 40 95 41 41 46 25 15 39 54 3 89 106 71 82 11 37 87 8 92 13 60 80 33 110 32 108 1 22 40 74 35 49 14 93 97 3 84 99 9 12 60 29 45 94 72 73 100 101 63 28 34 69 54 13 109 86 20 2 50 55 93 102 38 48 83 19 9 68 69 62 7 107 79 64 6 64 91 80 58 89 75 72 73 38 24 53 36 95 31 24 26 85 106 96 88 17 25 108 44 107 26 90 31 98 85 28 61 
92 44 103 85 57 33 97 51 20 52 98 92 36 75 53 78 58 87 2 90 16 99 65 94 100 109 66 30 42 14 8 81 29 35 18 70 81 68 1 56 15 59 30 51 61 104 49 50 56 5 96 16 65 33 82 95 93 55 48 40 32 10 21 57 27 110 67 103 23 104 36 27 12 97 44 8 107 17 78 11 88 23 76 29 35 10 62 9 60 7 4 50 77 47 43 34 66 63 88 49 26 25 20 11 79 19 86 59 106 76 38 
100 34 74 89 87 71 75 38 72 31 101 27 6 47 6 1 41 52 17 78 91 12 101 84 83 60 37 53 32 41 63 13 34 25 70 94 68 89 54 62 8 73 69 80 100 99 7 82 22 14 96 106 48 75 5 24 88 104 58 33 102 50 46 17 30 83 108 96 26 52 61 28 13 11 32 68 47 3 98 40 49 45 23 24 105 5 65 31 35 14 72 110 39 64 21 4 28 42 77 18 42 95 43 67 37 56 77 76 87 2 70 
12 51 1 103 92 55 44 36 57 74 76 17 102 4 43 20 49 66 99 62 91 3 97 85 9 74 69 70 107 79 21 55 83 23 39 45 15 67 18 81 64 109 84 36 102 103 54 64 54 46 73 101 98 106 59 9 3 1 58 24 86 20 90 44 13 109 57 104 89 26 28 16 108 87 10 19 69 82 94 29 72 10 92 105 78 73 100 71 33 61 29 51 22 80 81 2 85 94 63 19 60 82 93 71 86 91 107 88 66 43 18 
7 42 38 100 39 11 53 51 109 56 28 72 25 50 22 6 91 27 80 59 41 84 40 65 79 103 90 34 22 63 2 9 67 75 12 45 47 75 37 8 42 97 21 77 3 14 94 64 5 16 68 46 74 1 96 98 5 104 29 71 52 92 67 12 90 65 95 7 17 108 41 59 30 105 38 15 56 31 45 13 26 105 48 15 32 89 69 21 76 99 4 31 93 99 34 48 80 108 35 8 95 81 110 46 2 27 96 87 85 32 93 
39 66 50 66 11 61 53 92 89 49 27 76 18 10 47 54 90 37 70 40 24 106 43 23 6 21 25 57 14 84 101 100 85 62 52 68 33 73 19 11 41 83 110 86 36 82 110 102 58 44 57 67 101 49 102 72 13 91 59 7 88 12 35 88 30 20 4 105 83 74 108 36 97 16 18 84 37 30 106 93 46 78 15 60 5 3 107 53 32 6 107 75 63 70 55 20 55 79 40 62 98 51 77 47 94 9 77 22 97 16 73 
109 10 45 14 29 82 81 21 3 95 79 15 68 33 95 42 61 23 101 102 56 78 69 31 19 56 104 32 99 8 54 12 66 105 4 38 26 34 64 24 55 96 60 35 10 80 81 97 24 44 2 108 92 48 52 50 43 99 87 103 65 63 25 67 85 28 28 106 52 20 7 14 79 77 70 75 53 50 8 76 39 87 68 63 64 62 26 4 23 82 103 94 17 58 1 39 80 86 43 48 19 83 61 25 27 65 9 93 91 71 57 
46 35 107 17 11 100 44 3 64 33 52 66 88 110 30 96 83 17 72 23 40 36 98 78 108 49 49 70 37 30 38 76 95 35 29 42 22 69 5 110 60 54 41 71 90 13 12 43 18 84 73 39 4 67 34 54 9 46 1 97 51 93 57 27 75 106 31 74 5 8 85 47 86 101 79 80 45 104 42 100 40 60 86 74 47 88 7 94 59 71 16 50 109 2 6 89 103 59 1 72 36 56 45 90 16 78 53 84 99 58 6 
105 92 10 22 91 48 14 13 8 21 64 14 25 2 106 28 80 34 55 88 22 61 104 13 110 43 32 93 69 102 81 62 45 18 65 37 92 77 58 23 9 73 11 29 102 87 104 76 38 24 15 5 27 35 109 48 57 63 20 53 107 30 46 103 70 40 18 66 6 65 41 51 96 75 95 34 15 98 61 100 24 89 29 63 39 72 86 49 68 26 62 77 31 44 82 33 74 26 19 68 19 108 55 20 83 56 52 71 54 41 2 
81 62 73 58 99 60 67 69 4 50 79 39 96 99 20 84 106 90 81 16 7 4 79 82 29 109 51 107 38 89 78 8 44 49 105 87 33 25 16 89 61 94 47 17 97 59 96 27 44 32 85 10 85 70 109 30 73 9 18 43 1 72 52 3 54 50 69 95 41 108 67 10 12 63 31 11 91 11 100 33 7 97 103 101 80 5 74 37 57 59 107 35 91 58 98 3 13 42 28 37 24 12 36 21 26 84 105 82 45 31 6 
76 83 94 102 101 14 2 97 17 1 20 60 32 25 45 48 23 60 86 4 17 47 15 34 58 7 86 19 46 1 77 29 48 53 102 28 93 71 64 28 43 87 21 38 75 66 34 40 51 36 98 78 27 63 104 89 99 88 69 64 42 37 68 104 92 94 40 82 74 91 54 22 90 109 31 33 5 78 71 2 107 19 22 88 90 51 66 85 16 10 68 9 65 75 56 25 105 23 83 55 81 50 110 53 12 8 18 87 36 92 70 
14 48 13 70 30 39 67 35 73 52 61 47 84 11 33 76 39 62 55 15 93 76 110 95 54 88 24 94 80 30 72 91 110 92 26 65 38 41 55 9 10 21 15 11 49 96 98 37 59 57 3 107 83 63 101 2 18 105 93 82 73 85 14 60 68 101 103 79 96 100 19 77 98 5 26 57 106 106 69 51 45 56 66 44 16 56 62 27 81 20 61 53 49 47 46 108 99 6 35 100 46 109 42 32 50 28 72 1 108 79 95 
51 109 71 98 58 64 17 36 56 67 110 90 97 38 6 106 43 31 7 13 29 38 78 23 9 3 8 102 43 25 40 69 75 17 24 41 21 90 34 5 63 52 13 36 37 74 44 78 42 103 6 66 61 8 84 85 89 24 62 11 59 88 19 23 107 72 86 108 54 55 71 80 32 2 96 42 1 44 83 82 15 22 26 104 50 22 16 53 76 73 75 28 102 4 3 89 59 77 87 25 97 100 7 65 60 81 27 84 80 12 57 
94 35 45 100 21 99 48 50 26 93 77 83 104 10 12 21 59 68 37 16 95 33 39 35 70 60 103 96 67 81 58 11 56 27 105 64 29 92 70 102 44 87 12 52 74 41 64 2 77 10 101 63 109 92 30 78 19 25 86 7 46 85 13 23 43 61 91 79 49 31 65 47 14 6 33 80 52 93 107 18 28 4 101 94 90 53 30 76 105 98 65 87 49 32 79 20 3 74 31 34 40 55 40 18 95 45 34 47 39 86 9 
99 36 24 18 97 57 8 10 88 91 80 12 82 81 31 6 64 29 74 60 42 4 84 68 9 25 104 100 103 46 32 26 103 17 62 73 106 41 51 109 34 5 15 22 84 38 8 63 69 108 17 107 21 28 89 82 55 24 91 23 14 7 57 1 78 66 46 71 43 73 35 36 54 77 2 15 104 27 14 67 37 99 96 71 51 108 16 48 45 13 50 49 20 58 1 88 95 110 66 72 97 85 67 75 56 29 30 87 4 48 79 
18 15 11 70 59 53 38 27 13 62 85 84 101 21 33 101 102 58 72 66 76 42 89 52 29 89 33 23 54 73 32 86 7 68 105 22 20 90 69 34 60 75 94 92 71 98 69 74 3 40 44 14 38 47 47 42 48 92 63 95 68 50 2 62 107 81 41 87 37 52 58 19 86 104 59 79 31 64 26 110 98 83 55 72 82 4 53 20 44 94 46 10 5 102 93 61 75 39 110 91 11 19 65 70 90 97 8 24 93 106 5 
104 55 65 56 83 51 16 68 48 105 37 105 106 28 92 79 12 76 98 97 22 17 100 6 50 42 77 27 78 74 80 4 45 64 1 43 99 36 30 6 22 40 88 3 21 41 10 85 28 9 57 71 96 77 107 9 101 25 87 23 108 67 31 73 40 24 109 34 82 43 58 45 49 18 11 59 106 61 20 41 32 103 62 54 72 109 66 38 1 35 78 7 25 56 12 35 30 61 96 52 2 86 67 39 103 46 110 29 44 32 65 
30 39 100 91 99 3 84 29 44 13 65 77 80 23 24 28 64 47 5 90 8 36 69 57 84 87 53 15 91 62 33 102 21 20 26 90 94 95 89 93 51 102 75 70 27 81 66 11 51 83 17 49 43 73 46 88 75 105 89 103 49 3 31 19 56 95 93 67 71 108 33 108 15 25 42 50 53 104 10 7 83 6 45 88 69 18 109 101 47 14 57 52 19 39 76 16 79 54 5 74 40 17 63 14 72 35 97 36 60 60 32 
60 68 80 10 82 48 37 33 53 92 76 69 106 27 37 23 51 94 3 15 76 58 9 12 22 6 22 62 1 87 59 26 106 102 41 8 78 110 86 41 75 54 61 98 56 63 74 90 16 26 13 110 77 21 38 52 11 67 28 20 68 91 13 86 85 43 100 25 88 94 35 38 85 66 93 2 100 89 98 109 82 97 103 107 104 84 63 54 59 34 105 96 70 4 96 99 83 55 34 29 24 8 4 2 48 65 49 79 18 81 46 
28 6 32 76 55 9 71 33 53 80 63 26 19 103 25 104 37 101 18 81 47 39 7 72 24 75 42 106 78 66 14 15 27 83 5 81 31 1 73 61 99 17 108 95 71 17 74 64 92 64 16 69 51 59 97 88 52 85 94 14 12 10 72 107 49 13 61 12 3 110 102 99 50 7 39 92 2 47 57 42 70 84 38 30 1 20 98 50 109 29 23 43 58 40 57 44 80 36 45 21 105 56 101 70 44 86 31 55 34 107 58 
18 48 108 5 96 11 100 14 10 95 92 82 36 69 29 95 50 8 23 100 103 48 46 82 71 37 4 65 41 1 45 61 28 39 5 78 73 90 79 41 11 8 93 65 24 32 51 38 40 54 60 40 45 64 58 35 44 63 43 16 68 22 27 13 87 25 22 36 47 34 66 87 30 75 94 88 110 70 80 62 20 81 109 91 86 53 76 97 99 49 73 74 77 16 62 9 4 35 19 84 85 60 57 67 3 78 6 15 102 89 67 
58 23 104 38 90 55 79 53 34 12 36 67 101 71 88 95 73 33 50 41 32 17 59 54 39 11 56 75 2 35 77 97 29 69 105 52 96 106 91 109 17 46 32 93 21 68 90 98 42 19 7 22 72 66 84 91 44 63 7 80 89 2 51 19 78 5 107 104 74 31 82 25 30 79 1 62 93 43 61 18 101 47 6 98 37 40 15 33 86 9 42 65 46 108 83 21 83 31 26 28 107 77 54 9 24 48 70 52 89 72 10 
94 102 99 85 100 102 92 63 66 85 29 4 3 39 71 50 92 105 96 110 48 56 20 60 28 88 13 87 68 73 30 34 89 82 64 59 87 49 96 10 25 100 103 26 36 14 33 51 76 45 110 69 15 54 43 74 52 76 86 108 108 70 79 16 8 80 106 31 77 20 95 45 16 98 23 109 7 58 103 22 101 19 72 8 47 104 5 68 12 32 65 56 55 81 61 27 97 94 4 44 99 24 67 12 42 46 93 30 90 57 53 
47 32 13 85 21 106 40 9 34 26 23 75 41 67 77 5 44 2 95 8 79 105 2 83 55 80 60 90 18 26 81 16 52 96 84 9 38 75 64 12 28 4 27 49 69 1 87 49 35 17 91 33 58 6 91 62 89 20 72 50 59 92 93 99 70 88 11 27 106 108 10 76 78 38 110 83 48 68 21 41 102 105 101 57 103 22 63 59 100 73 78 15 6 62 84 14 98 37 3 64 60 7 97 107 39 29 109 36 53 55 31 
65 101 24 31 18 42 35 50 80 3 98 13 25 45 41 78 97 9 103 89 93 56 17 74 30 23 71 6 1 15 82 102 27 20 19 30 104 86 61 22 109 71 11 66 49 81 2 36 107 43 94 51 99 63 10 40 69 95 83 74 13 64 19 81 100 52 14 60 3 1 105 55 46 79 17 96 12 48 5 56 104 54 38 45 39 108 43 62 86 21 7 92 37 65 32 40 85 51 24 84 110 34 82 57 18 72 4 59 68 54 46 
2 8 67 107 44 77 73 18 34 33 62 24 26 63 51 69 92 31 13 22 105 76 11 35 78 26 61 64 53 79 57 42 96 1 91 28 75 42 90 93 43 49 87 94 106 88 86 12 58 94 70 14 17 45 73 70 27 25 15 76 106 36 46 102 65 77 107 88 52 11 61 97 29 59 38 23 90 95 53 56 85 7 98 25 9 10 35 71 21 40 81 72 16 47 109 37 58 66 6 57 16 3 60 14 67 91 39 44 82 8 54 
4 31 33 102 55 20 50 35 34 89 69 104 104 18 79 92 25 110 72 44 76 37 80 68 99 3 103 2 30 90 4 14 26 82 41 74 80 101 47 47 15 87 48 19 106 99 23 88 108 74 87 17 70 38 93 46 66 19 21 61 32 8 48 54 101 98 66 16 41 49 58 103 84 9 5 59 24 83 27 96 105 108 89 100 33 63 28 78 43 56 45 75 5 28 77 29 100 75 60 64 1 109 85 83 30 95 50 107 39 110 62 
32 18 55 47 67 10 86 33 42 40 94 48 51 37 3 64 52 56 95 30 98 65 97 12 100 66 84 14 29 109 22 54 23 74 81 68 22 13 32 82 78 89 36 53 9 20 99 40 71 8 83 73 105 92 26 28 96 87 35 21 57 41 81 49 71 2 7 107 44 27 108 43 11 5 11 70 103 102 90 68 16 76 58 73 50 88 46 67 6 29 55 31 52 91 53 42 106 6 110 77 91 19 39 37 4 80 10 86 59 94 72 
103 9 45 35 85 34 104 62 86 97 33 88 1 68 43 21 106 87 30 4 6 17 84 13 20 10 61 19 12 60 20 45 92 52 15 63 84 101 57 98 48 94 11 75 36 36 75 85 69 42 74 15 54 25 47 17 70 18 79 63 25 71 67 80 76 31 79 39 14 108 72 8 24 91 28 73 59 58 29 37 7 55 78 62 95 34 44 38 109 104 51 53 93 60 105 51 64 65 49 99 107 65 97 38 101 96 102 40 3 7 89 
14 17 93 40 77 2 82 60 78 24 59 66 32 80 68 76 71 90 20 108 109 41 69 1 28 98 100 56 61 101 90 24 93 103 23 81 84 5 22 91 104 82 96 46 44 27 33 13 87 12 16 35 73 55 6 107 50 5 45 52 12 75 74 62 110 41 57 22 21 9 102 100 13 18 38 34 79 32 58 3 64 85 94 50 65 61 7 67 88 63 19 25 26 66 86 16 89 83 77 29 53 99 105 110 51 83 69 42 47 56 57 
71 58 43 10 8 30 31 28 30 36 65 74 27 23 93 25 104 5 48 95 73 37 10 48 72 46 95 77 54 13 81 67 54 62 1 92 38 72 26 82 12 85 45 11 75 46 107 53 102 15 69 101 100 14 20 96 105 29 56 79 4 63 55 24 1 44 91 9 88 97 2 103 15 108 4 94 35 7 31 32 42 68 34 2 39 49 84 37 76 19 43 78 106 39 17 23 87 49 33 41 60 81 106 97 6 18 26 80 86 70 16 
20 89 90 39 66 70 98 69 49 27 58 40 51 15 103 76 84 28 94 67 64 21 89 40 41 108 50 19 61 100 59 52 34 82 109 22 77 99 47 86 78 32 2 52 9 64 11 104 43 90 17 95 51 31 25 110 27 36 92 105 60 55 80 22 72 59 13 45 24 98 44 42 36 65 75 109 38 53 66 16 96 18 93 83 70 14 7 74 101 50 57 23 110 92 71 8 37 3 30 106 102 33 29 11 8 12 10 61 54 57 3 
16 102 26 103 5 99 88 89 98 39 7 71 85 45 93 94 44 50 12 73 86 81 68 62 9 54 47 17 91 76 56 63 55 91 79 35 74 83 97 35 85 34 83 73 67 87 22 107 8 46 82 11 3 92 68 51 77 27 32 18 81 30 106 64 2 5 36 101 109 14 61 23 46 72 57 15 43 53 6 97 96 87 4 4 49 79 20 75 29 10 33 78 1 6 37 107 38 48 69 24 28 19 70 63 58 110 95 99 42 21 104 
38 62 52 49 60 25 65 32 3 17 68 44 26 47 14 55 59 76 74 78 16 40 84 80 75 9 21 41 48 104 41 108 99 48 62 1 93 66 59 30 35 26 61 108 10 47 42 40 73 103 20 11 31 23 79 39 89 6 57 96 84 58 80 29 1 19 33 71 52 27 45 60 88 72 85 66 54 69 4 98 34 37 86 105 91 25 107 82 67 106 94 70 100 13 18 31 81 56 50 56 2 100 15 90 53 46 109 87 7 90 51 
91 20 36 92 22 65 105 108 65 49 105 11 5 69 23 30 94 12 37 34 14 102 8 97 57 21 63 100 88 41 44 31 22 95 24 21 19 92 95 106 18 98 97 110 48 101 88 81 68 6 28 70 90 39 73 93 64 10 72 15 9 89 86 51 74 109 24 55 62 80 79 5 12 27 26 1 61 32 107 7 71 25 38 77 50 47 56 87 96 101 3 13 28 43 54 83 45 64 60 85 42 103 59 8 110 99 84 17 63 13 76 
60 66 2 77 58 43 53 12 16 26 23 46 36 102 5 72 34 14 71 68 104 29 77 16 9 49 40 103 83 69 54 73 90 37 102 67 56 52 46 57 110 87 39 66 50 4 18 105 31 22 84 1 51 97 6 19 8 53 42 13 83 67 74 25 64 28 75 36 89 78 96 44 78 20 63 30 95 93 82 52 2 61 76 24 43 32 101 80 21 100 59 41 33 82 35 104 55 35 45 29 107 62 92 108 7 10 98 38 85 75 65 
62 42 58 10 70 27 109 64 96 18 81 34 48 48 45 27 20 103 50 67 61 47 17 88 55 53 91 15 94 101 65 109 35 4 3 79 28 40 81 110 71 83 57 99 52 15 22 91 43 60 31 107 87 47 77 8 95 98 51 89 5 11 97 44 9 84 66 63 78 74 24 21 106 99 41 29 104 14 36 56 93 69 37 80 82 38 23 19 39 26 25 108 11 33 105 4 86 86 72 54 85 40 33 3 13 106 58 1 7 17 68 
61 59 94 90 88 100 59 58 71 45 68 40 16 64 63 82 5 53 65 8 88 76 76 12 95 92 6 3 102 31 85 110 33 99 75 32 29 92 49 19 75 28 25 73 1 79 87 54 73 21 62 43 86 81 98 48 51 34 67 83 37 16 26 47 77 91 14 50 107 72 105 89 2 80 36 96 49 2 57 27 44 42 104 9 109 32 11 70 39 18 13 17 30 90 79 46 7 70 84 94 46 56 74 103 24 15 35 60 22 4 6 
5 93 10 74 66 106 108 37 77 42 89 33 97 13 86 56 1 106 11 34 72 28 38 41 90 47 78 51 102 82 9 67 87 19 96 69 16 12 30 63 107 39 78 20 50 52 30 110 66 32 53 95 48 98 41 101 83 104 59 92 55 25 65 17 85 84 31 54 38 21 29 73 93 7 2 109 45 75 105 97 40 3 52 81 44 23 18 62 46 35 36 8 23 101 49 55 68 100 103 22 108 10 100 12 91 14 24 64 60 69 58 
37 32 4 89 43 57 79 30 84 103 11 48 99 85 12 75 35 41 110 27 5 28 26 71 22 107 94 25 27 56 106 61 34 52 43 97 90 70 76 93 26 38 92 102 62 6 99 7 67 20 33 86 17 64 66 108 76 71 80 47 69 23 46 57 60 63 88 81 83 45 70 21 80 78 109 14 15 6 104 2 19 8 77 55 68 91 49 18 31 54 59 40 20 61 100 15 9 88 65 102 72 36 53 87 94 3 42 105 101 1 4 
106 24 16 50 29 44 73 89 90 86 95 56 58 27 17 81 26 10 67 55 99 74 74 79 71 19 95 29 10 104 82 41 70 72 21 109 8 49 82 48 96 35 88 13 13 98 98 1 84 45 76 110 28 43 20 18 36 38 101 5 77 87 46 57 44 64 11 59 39 2 107 47 51 93 3 65 78 15 105 83 63 52 30 22 92 79 4 60 91 33 73 103 50 96 37 39 97 24 102 31 32 14 68 53 58 80 9 75 7 66 25 
56 62 12 80 23 94 100 35 25 44 78 31 6 100 93 1 64 84 34 20 6 77 85 16 87 108 108 66 51 26 90 53 19 81 101 15 79 39 42 102 104 7 61 34 55 40 109 29 9 40 65 48 32 51 85 27 76 60 12 13 21 88 73 110 107 52 17 37 49 33 14 8 61 45 58 50 24 36 99 86 98 91 96 67 68 72 63 23 74 38 46 57 103 62 11 54 43 69 59 83 47 28 42 5 30 89 18 2 75 105 22 
98 70 10 12 16 97 92 67 79 10 18 43 94 52 38 22 97 108 93 34 105 37 3 69 30 77 71 106 29 55 65 31 82 81 99 28 96 45 95 20 80 62 48 106 56 41 107 27 2 59 35 76 24 9 51 89 72 26 74 16 100 83 66 60 23 87 1 71 95 25 64 39 4 61 7 102 46 58 11 68 109 47 19 73 110 90 88 86 4 49 85 8 3 54 101 82 103 70 15 42 75 13 91 94 69 84 36 92 63 33 5 
73 105 50 104 79 32 21 106 51 33 49 20 40 88 110 97 74 32 78 40 87 1 41 78 14 10 104 59 7 53 99 2 38 77 12 75 64 71 6 47 69 58 5 17 80 53 56 19 27 43 89 31 41 11 37 13 50 57 76 17 98 54 82 26 55 95 109 72 81 83 34 60 54 23 36 45 86 52 42 96 29 6 61 101 70 8 39 93 44 18 100 107 63 57 22 44 94 14 16 28 68 25 48 21 35 65 30 15 92 46 102 
18 63 66 50 106 103 67 23 3 64 2 28 9 100 22 88 35 67 20 97 60 37 84 85 24 68 62 57 74 77 30 80 16 53 49 55 89 13 3 73 59 79 70 90 47 24 6 40 91 95 4 66 10 101 46 41 12 1 75 83 93 76 9 21 14 52 39 108 31 8 92 32 108 96 103 36 19 84 42 99 105 26 102 82 44 56 15 54 110 65 11 48 17 4 51 91 34 81 104 86 109 71 62 61 29 33 45 85 94 72 43 
78 109 98 96 25 25 87 80 28 68 15 21 5 92 88 18 26 29 3 23 9 72 78 57 32 66 107 83 100 89 4 84 46 59 6 91 102 33 58 64 45 8 105 38 35 69 41 90 85 37 58 24 52 104 77 107 38 13 61 14 34 27 42 48 73 79 12 22 1 31 55 67 7 87 82 93 63 53 20 103 95 5 106 2 70 47 40 50 44 69 56 98 76 90 36 27 7 65 71 101 49 86 16 110 97 99 51 62 94 10 43 
96 2 38 97 77 30 19 109 43 4 34 60 74 49 106 22 11 53 5 46 61 58 108 93 15 82 60 62 25 70 102 27 94 6 105 75 20 85 17 40 24 7 3 11 51 39 48 45 1 33 54 87 56 41 81 86 14 23 13 9 88 36 35 26 104 78 73 92 39 79 103 76 75 50 10 52 12 74 32 37 31 67 90 63 83 80 55 59 57 100 91 47 108 81 95 54 107 66 68 72 65 101 42 44 99 16 8 110 19 18 30 
66 94 57 23 92 69 6 58 32 48 28 42 28 18 95 53 71 37 7 2 102 97 98 10 103 50 71 101 63 70 29 24 105 56 81 21 30 15 89 9 51 3 89 29 1 84 78 17 109 11 67 85 77 98 55 65 61 72 60 34 27 90 68 38 39 91 14 88 43 80 87 76 21 69 12 45 49 96 20 8 4 19 108 33 73 99 83 47 110 59 35 44 22 17 16 64 75 82 104 52 41 26 79 93 74 106 84 62 46 100 86 
108 92 37 33 99 5 88 4 62 26 77 10 54 52 46 27 63 34 96 85 89 6 31 107 30 97 36 102 53 87 43 20 17 50 28 82 42 75 64 18 47 13 54 107 80 25 31 56 19 60 55 12 5 15 76 73 100 21 109 45 23 70 78 84 38 90 86 58 9 64 7 72 32 40 29 39 44 93 69 3 48 59 1 79 98 25 103 105 110 94 61 8 2 13 66 40 49 101 95 36 14 65 71 68 11 83 74 104 51 67 57 
39 109 24 8 65 41 27 103 37 52 28 110 35 25 2 51 106 55 53 90 23 48 24 1 105 4 16 81 5 18 75 12 97 68 99 32 80 70 92 20 78 94 57 22 31 91 41 71 83 11 60 56 42 93 69 6 29 96 3 84 63 21 59 107 58 54 77 49 13 47 89 10 88 82 108 64 22 34 7 15 33 45 104 98 35 17 85 87 79 95 100 50 46 81 67 106 40 19 30 66 43 101 38 14 26 9 44 16 61 62 74 
70 8 82 71 57 76 17 44 88 35 51 96 37 99 30 110 105 92 93 80 107 12 102 15 43 61 86 21 83 49 87 55 76 5 101 14 26 69 102 59 94 36 18 36 56 91 40 97 74 9 16 66 6 22 84 27 4 32 28 48 42 54 52 1 68 58 25 89 90 67 78 19 95 34 100 108 53 106 104 73 81 7 46 77 50 23 64 13 29 47 10 41 62 73 60 72 31 24 45 72 91 98 85 79 103 11 3 86 109 75 38 
41 4 10 59 100 65 85 75 52 43 76 101 40 37 93 82 7 79 63 49 16 62 33 96 87 28 39 55 92 91 36 102 54 48 24 20 89 90 57 6 9 30 77 63 31 2 69 88 71 80 47 105 12 64 104 84 56 25 94 72 35 46 73 21 67 2 42 81 108 61 70 23 39 58 99 107 74 5 95 60 44 13 66 1 14 110 53 11 109 22 97 38 18 83 15 20 32 86 45 78 33 29 34 27 65 106 50 103 3 17 51 
72 46 93 6 16 98 71 18 12 9 2 81 105 88 30 80 34 19 4 68 106 57 8 59 79 86 19 64 54 14 94 90 33 55 62 40 110 92 87 42 37 102 43 68 26 69 31 78 70 3 20 24 75 28 101 25 48 49 17 1 41 99 38 104 53 82 67 5 7 108 77 103 10 73 109 98 85 65 35 58 47 13 91 27 45 97 39 22 83 15 23 89 32 21 56 26 11 44 51 60 29 74 76 52 63 96 50 66 61 36 107 
39 3 85 47 65 95 5 9 18 12 37 23 10 4 56 34 59 51 57 104 84 60 84 8 32 99 8 35 48 13 88 93 75 76 15 103 43 69 70 19 107 91 95 105 109 53 86 90 49 42 7 80 89 61 66 31 92 52 36 24 81 14 106 1 44 108 21 22 98 94 17 58 72 26 100 110 27 46 50 101 79 54 73 71 64 30 25 2 16 77 29 62 6 67 38 100 96 45 20 83 74 55 68 40 82 11 87 41 78 33 28 
67 40 98 78 42 63 91 76 15 47 6 52 34 36 80 73 46 1 83 21 14 97 18 8 103 25 102 10 3 5 55 39 94 48 22 102 108 12 31 28 26 35 87 106 96 107 99 59 4 88 9 53 109 89 75 13 64 101 23 93 104 33 68 43 100 71 70 84 65 29 20 7 37 66 86 17 58 56 60 81 69 50 16 79 51 45 90 24 95 41 105 92 110 2 82 97 74 61 19 63 49 30 11 54 85 62 77 27 38 44 72 
100 70 78 18 65 57 63 49 10 37 56 25 68 110 26 4 60 72 85 20 17 27 74 40 3 66 2 54 43 108 45 8 29 21 24 59 98 34 36 91 12 6 41 77 47 92 71 13 88 15 52 5 31 69 84 80 76 11 73 35 83 53 50 90 55 81 96 109 39 33 57 86 58 93 22 48 16 102 75 1 46 99 64 38 14 89 44 95 67 30 9 105 103 19 107 32 42 87 32 82 61 79 7 104 62 51 94 28 23 101 97 
59 28 54 101 51 33 94 78 109 9 93 80 35 110 26 107 64 57 86 102 8 82 91 92 1 10 41 5 13 2 43 16 34 62 24 55 75 99 50 32 100 48 18 46 85 4 67 68 104 38 25 71 30 22 17 58 6 23 103 97 106 79 31 83 36 14 66 81 12 88 98 20 44 40 63 90 11 77 89 60 61 95 15 29 53 70 108 47 84 73 65 7 37 19 45 106 39 52 56 87 72 105 76 49 21 74 42 96 27 3 69 
